"date","close.spy","close.tlt","fed.rate"
2003-01-02,91.07,86.28,NA
2003-01-03,91.35,86.48,NA
2003-01-06,92.96,86.25,NA
2003-01-07,92.73,86.56,NA
2003-01-08,91.39,86.99,1.2
2003-01-09,92.81,85.32,NA
2003-01-10,93.06,85.54,NA
2003-01-13,93.03,85.68,NA
2003-01-14,93.33,85.98,NA
2003-01-15,92.4,86.4,1.26
2003-01-16,92.02,86.52,NA
2003-01-17,90.66,86.95,NA
2003-01-21,89.25,87.45,NA
2003-01-22,88.17,87.88,1.23
2003-01-23,88.74,87.45,NA
2003-01-24,86.38,87.97,NA
2003-01-27,85.2,87.65,NA
2003-01-28,85.83,87.65,NA
2003-01-29,86.48,87.17,1.24
2003-01-30,84.43,87.82,NA
2003-01-31,86.06,88.06,NA
2003-02-03,86.23,87.88,NA
2003-02-04,85.38,88.27,NA
2003-02-05,84.85,87.51,1.29
2003-02-06,84.45,88.22,NA
2003-02-07,83.42,88.42,NA
2003-02-10,84.01,87.8,NA
2003-02-11,83.43,87.78,NA
2003-02-12,82.1,88.09,1.22
2003-02-13,82.35,88.57,NA
2003-02-14,84.15,87.81,NA
2003-02-18,85.63,87.92,NA
2003-02-19,85.18,88.52,1.3
2003-02-20,84.33,88.82,NA
2003-02-21,85.21,88.3,NA
2003-02-24,83.8,88.72,NA
2003-02-25,84.47,89.13,NA
2003-02-26,83.24,89.75,1.24
2003-02-27,84.34,89.9,NA
2003-02-28,84.9,90.47,NA
2003-03-03,84.09,90.24,NA
2003-03-04,82.75,90.3,NA
2003-03-05,83.45,90.6,1.29
2003-03-06,82.75,90.25,NA
2003-03-07,83.32,90.56,NA
2003-03-10,81.32,91.03,NA
2003-03-11,80.52,90.87,NA
2003-03-12,81.06,91.2,1.21
2003-03-13,83.86,89.52,NA
2003-03-14,84.13,89.96,NA
2003-03-17,86.78,88.88,NA
2003-03-18,87.29,88.04,NA
2003-03-19,87.96,87.39,1.27
2003-03-20,88.15,87.25,NA
2003-03-21,89.67,86.05,NA
2003-03-24,86.69,87.41,NA
2003-03-25,87.52,87.31,NA
2003-03-26,87.08,87.49,1.22
2003-03-27,87.15,87.55,NA
2003-03-28,86.71,87.75,NA
2003-03-31,84.74,88.9,NA
2003-04-01,86.04,88.27,NA
2003-04-02,88.05,87.35,1.28
2003-04-03,87.7,87.3,NA
2003-04-04,88.25,87.05,NA
2003-04-07,88.05,86.85,NA
2003-04-08,88.19,87.55,NA
2003-04-09,87.03,87.81,1.23
2003-04-10,87.51,87.4,NA
2003-04-11,87.15,87.26,NA
2003-04-14,88.95,87.02,NA
2003-04-15,89.78,87.49,NA
2003-04-16,88.25,87.85,1.27
2003-04-17,89.56,87.99,NA
2003-04-21,89.65,87.8,NA
2003-04-22,91.34,87.75,NA
2003-04-23,92.18,87.93,1.26
2003-04-24,91.36,88.72,NA
2003-04-25,90.23,88.92,NA
2003-04-28,91.79,88.78,NA
2003-04-29,92.03,88.63,NA
2003-04-30,91.91,89.45,1.28
2003-05-01,91.9,89.02,NA
2003-05-02,93.21,88.32,NA
2003-05-05,93.03,88.79,NA
2003-05-06,93.91,89.23,NA
2003-05-07,93.39,90.27,1.26
2003-05-08,92.45,90.49,NA
2003-05-09,93.73,90.58,NA
2003-05-12,94.88,91.15,NA
2003-05-13,94.71,91.35,NA
2003-05-14,94.51,92.75,1.25
2003-05-15,95.11,93.04,NA
2003-05-16,94.87,93.72,NA
2003-05-19,92.65,93.4,NA
2003-05-20,92.46,94.78,NA
2003-05-21,92.65,94.77,1.27
2003-05-22,93.57,95.61,NA
2003-05-23,93.76,95.85,NA
2003-05-27,95.4,94.12,NA
2003-05-28,95.67,93.96,1.24
2003-05-29,95.42,94.78,NA
2003-05-30,96.95,94.6,NA
2003-06-02,97.35,93.51,NA
2003-06-03,97.75,94.26,NA
2003-06-04,99.16,94.54,1.26
2003-06-05,99.65,93.8,NA
2003-06-06,99.26,94.14,NA
2003-06-09,98.25,94.77,NA
2003-06-10,99.25,95.9,NA
2003-06-11,100.3,95.78,1.24
2003-06-12,100.61,96.53,NA
2003-06-13,99.56,97.18,NA
2003-06-16,101.66,96.26,NA
2003-06-17,101.66,95.5,NA
2003-06-18,101.57,94.28,1.25
2003-06-19,100.02,94.1,NA
2003-06-20,99.44,93.75,NA
2003-06-23,98.42,94.31,NA
2003-06-24,98.52,95.18,NA
2003-06-25,97.53,93.66,1.21
2003-06-26,98.8,92.4,NA
2003-06-27,97.66,92.07,NA
2003-06-30,97.63,92.5,NA
2003-07-01,98.53,91.69,NA
2003-07-02,99.77,91.92,1.13
2003-07-03,98.62,90.6,NA
2003-07-07,100.7,90.02,NA
2003-07-08,101.15,90.1,NA
2003-07-09,100.58,90.39,0.96
2003-07-10,99.3,90.36,NA
2003-07-11,100.24,90.79,NA
2003-07-14,100.73,89.75,NA
2003-07-15,100.51,87.65,NA
2003-07-16,99.92,88.15,1.02
2003-07-17,98.5,87.88,NA
2003-07-18,99.51,87.7,NA
2003-07-21,98.28,85.84,NA
2003-07-22,99.17,86.26,NA
2003-07-23,99.24,86.55,1.01
2003-07-24,98.49,85.79,NA
2003-07-25,100.23,85.56,NA
2003-07-28,99.86,84.41,NA
2003-07-29,99.4,83.26,NA
2003-07-30,99.16,84.2,1.04
2003-07-31,99.39,82.95,NA
2003-08-01,98.51,82.51,NA
2003-08-04,98.51,83.22,NA
2003-08-05,96.42,82.03,NA
2003-08-06,96.98,83.65,0.97
2003-08-07,98,84,NA
2003-08-08,98.28,83.66,NA
2003-08-11,98.65,83.24,NA
2003-08-12,99.55,82.85,NA
2003-08-13,99.04,81.25,0.98
2003-08-14,99.42,82.05,NA
2003-08-15,99.62,82,NA
2003-08-18,100.48,82.38,NA
2003-08-19,100.86,83.65,NA
2003-08-20,100.45,83.2,1.18
2003-08-21,100.77,83,NA
2003-08-22,99.77,83.37,NA
2003-08-25,99.93,82.72,NA
2003-08-26,100.11,83.37,NA
2003-08-27,100.14,82.99,1
2003-08-28,100.76,83.85,NA
2003-08-29,101.44,83.65,NA
2003-09-02,102.8,82.06,NA
2003-09-03,103.36,82.19,1.01
2003-09-04,103.41,82.65,NA
2003-09-05,102.83,84.07,NA
2003-09-08,103.68,83.2,NA
2003-09-09,103,83.8,NA
2003-09-10,101.96,84.65,0.96
2003-09-11,102.26,84.1,NA
2003-09-12,102.45,84.68,NA
2003-09-15,102.09,84.55,NA
2003-09-16,103.58,84.42,NA
2003-09-17,103.38,85.47,1.02
2003-09-18,104.6,85.53,NA
2003-09-19,103.67,85.63,NA
2003-09-22,102.55,84.95,NA
2003-09-23,102.94,85.53,NA
2003-09-24,101.11,86.27,1
2003-09-25,100.28,86.7,NA
2003-09-26,99.95,87.48,NA
2003-09-29,100.93,86.78,NA
2003-09-30,99.95,88.22,NA
2003-10-01,102.08,87.52,1.07
2003-10-02,102.48,87.12,NA
2003-10-03,103.39,85.29,NA
2003-10-06,103.86,85.66,NA
2003-10-07,104.26,84.67,NA
2003-10-08,104,84.65,0.99
2003-10-09,104.28,84.05,NA
2003-10-10,104.57,84.55,NA
2003-10-13,104.9,84.22,NA
2003-10-14,105.26,83.64,NA
2003-10-15,104.99,83.23,1.03
2003-10-16,105.41,82.9,NA
2003-10-17,104.26,83.54,NA
2003-10-20,105.04,83.82,NA
2003-10-21,104.86,84.13,NA
2003-10-22,103.54,84.95,1
2003-10-23,103.35,84.33,NA
2003-10-24,103.58,85.27,NA
2003-10-27,103.63,85.1,NA
2003-10-28,105.04,85.55,NA
2003-10-29,105.18,84.78,1
2003-10-30,105.4,84.4,NA
2003-10-31,105.3,85.19,NA
2003-11-03,105.99,84.44,NA
2003-11-04,105.83,84.92,NA
2003-11-05,105.95,84.34,1.01
2003-11-06,106.4,83.55,NA
2003-11-07,105.66,83.5,NA
2003-11-10,105.18,83.43,NA
2003-11-11,105.15,83.44,NA
2003-11-12,106.33,84.05,0.99
2003-11-13,106.36,85.35,NA
2003-11-14,105.46,85.92,NA
2003-11-17,104.93,86.05,NA
2003-11-18,103.82,86.58,NA
2003-11-19,104.72,85.62,0.99
2003-11-20,103.78,86.45,NA
2003-11-21,104.25,86.5,NA
2003-11-24,105.59,85.79,NA
2003-11-25,105.99,86.26,NA
2003-11-26,106.37,85.91,0.99
2003-11-28,106.5,85.13,NA
2003-12-01,107.59,84.24,NA
2003-12-02,107.38,84.6,NA
2003-12-03,107.18,84.26,1
2003-12-04,107.6,84.45,NA
2003-12-05,106.82,85.8,NA
2003-12-08,107.57,85.2,NA
2003-12-09,106.74,84.6,NA
2003-12-10,106.73,84.74,0.98
2003-12-11,107.96,85.35,NA
2003-12-12,108.14,85.51,NA
2003-12-15,107.6,85.46,NA
2003-12-16,108.16,85.74,NA
2003-12-17,108.5,86.32,1
2003-12-18,109.72,87.1,NA
2003-12-19,108.93,87.07,NA
2003-12-22,109.66,86.83,NA
2003-12-23,109.73,85.85,NA
2003-12-24,109.62,86.66,0.99
2003-12-26,109.7,86.98,NA
2003-12-29,111.16,86.2,NA
2003-12-30,111.18,85.85,NA
2003-12-31,111.28,85.45,0.96
2004-01-02,111.23,84.44,NA
2004-01-05,112.44,84.22,NA
2004-01-06,112.55,85.15,NA
2004-01-07,112.93,85.49,0.97
2004-01-08,113.38,85.46,NA
2004-01-09,112.39,86.95,NA
2004-01-12,113.21,86.88,NA
2004-01-13,112.56,87.47,NA
2004-01-14,113.53,87.9,0.99
2004-01-15,113.78,88.23,NA
2004-01-16,114.23,87.61,NA
2004-01-20,114.2,87.59,NA
2004-01-21,115.05,87.8,1
2004-01-22,114.84,88.44,NA
2004-01-23,114.43,87.38,NA
2004-01-26,115.87,86.85,NA
2004-01-27,114.68,87.39,NA
2004-01-28,113.33,86.62,1.02
2004-01-29,113.48,86.44,NA
2004-01-30,113.48,87.04,NA
2004-02-02,113.9,86.5,NA
2004-02-03,113.78,86.94,NA
2004-02-04,112.84,86.77,1.01
2004-02-05,113.18,86.43,NA
2004-02-06,114.45,87.38,NA
2004-02-09,114.53,87.64,NA
2004-02-10,114.85,87.15,NA
2004-02-11,116.07,87.8,1
2004-02-12,115.65,87.43,NA
2004-02-13,115.13,87.8,NA
2004-02-17,116.17,87.74,NA
2004-02-18,115.67,87.86,1.01
2004-02-19,115.23,87.95,NA
2004-02-20,114.89,87.34,NA
2004-02-23,114.59,87.88,NA
2004-02-24,114.39,88.04,NA
2004-02-25,114.91,88.18,1
2004-02-26,114.94,87.9,NA
2004-02-27,115.09,88.66,NA
2004-03-01,116.12,88.27,NA
2004-03-02,115.48,87.71,NA
2004-03-03,115.64,87.55,1.03
2004-03-04,115.99,87.94,NA
2004-03-05,116.38,89.64,NA
2004-03-08,114.96,90.17,NA
2004-03-09,114.5,90.77,NA
2004-03-10,112.58,90.71,1
2004-03-11,111.12,90.84,NA
2004-03-12,112.58,90.28,NA
2004-03-15,111.2,90.43,NA
2004-03-16,111.79,91.18,NA
2004-03-17,113.04,91.03,1
2004-03-18,113.07,90.55,NA
2004-03-19,111.09,90.43,NA
2004-03-22,109.65,90.98,NA
2004-03-23,109.46,91.14,NA
2004-03-24,109.53,91.09,0.99
2004-03-25,111.05,90.74,NA
2004-03-26,111.03,89.78,NA
2004-03-29,112.59,89.18,NA
2004-03-30,112.97,89.12,NA
2004-03-31,113.16,89.55,1.01
2004-04-01,113.78,88.91,NA
2004-04-02,114.64,86.71,NA
2004-04-05,115.26,86.03,NA
2004-04-06,114.88,86.5,NA
2004-04-07,114.63,86.3,1.01
2004-04-08,114.37,86.05,NA
2004-04-12,114.82,85.74,NA
2004-04-13,113.21,84.81,NA
2004-04-14,113.42,84.74,1.01
2004-04-15,112.95,84.24,NA
2004-04-16,113.87,84.56,NA
2004-04-19,113.83,84.38,NA
2004-04-20,111.92,83.61,NA
2004-04-21,112.67,84.02,1
2004-04-22,114.18,84.52,NA
2004-04-23,114.36,84.04,NA
2004-04-26,114.25,84.18,NA
2004-04-27,114.23,84.5,NA
2004-04-28,112.82,83.71,1
2004-04-29,111.83,83.3,NA
2004-04-30,110.96,83.64,NA
2004-05-03,112.15,83.42,NA
2004-05-04,112.09,82.85,NA
2004-05-05,112.78,82.62,1.02
2004-05-06,111.81,82.4,NA
2004-05-07,109.96,81.32,NA
2004-05-10,108.83,81.13,NA
2004-05-11,109.75,81.5,NA
2004-05-12,110.48,80.96,0.99
2004-05-13,109.99,80.65,NA
2004-05-14,110.04,81.31,NA
2004-05-17,109.1,82.03,NA
2004-05-18,109.65,81.71,NA
2004-05-19,109.27,81.44,1.02
2004-05-20,109.63,82.07,NA
2004-05-21,109.84,81.74,NA
2004-05-24,110.27,82,NA
2004-05-25,111.85,82.24,NA
2004-05-26,112.24,82.68,0.99
2004-05-27,112.87,83.33,NA
2004-05-28,112.86,83.1,NA
2004-06-01,112.71,82.02,NA
2004-06-02,113.13,81.81,1.01
2004-06-03,112.07,81.98,NA
2004-06-04,112.98,81.5,NA
2004-06-07,114.7,81.52,NA
2004-06-08,114.86,81.67,NA
2004-06-09,113.79,81.32,0.99
2004-06-10,114.29,81.48,NA
2004-06-14,113.22,80.83,NA
2004-06-15,114.02,82.54,NA
2004-06-16,114,82.22,1.01
2004-06-17,113.83,82.76,NA
2004-06-18,113.63,82.58,NA
2004-06-21,113.2,82.64,NA
2004-06-22,113.75,82.39,NA
2004-06-23,114.75,82.55,1
2004-06-24,114.41,83.05,NA
2004-06-25,113.77,83.13,NA
2004-06-28,113.49,82.28,NA
2004-06-29,113.92,82.8,NA
2004-06-30,114.53,83.65,1.11
2004-07-01,112.94,83.47,NA
2004-07-02,112.88,84.35,NA
2004-07-06,111.85,84.21,NA
2004-07-07,112.22,84.24,1.28
2004-07-08,111.42,84.29,NA
2004-07-09,111.73,84.38,NA
2004-07-12,111.78,84.5,NA
2004-07-13,111.86,84.25,NA
2004-07-14,111.52,84.28,1.25
2004-07-15,110.76,84.37,NA
2004-07-16,110.69,85.49,NA
2004-07-19,110.24,85.55,NA
2004-07-20,111.67,84.78,NA
2004-07-21,109.58,84.55,1.25
2004-07-22,109.84,84.67,NA
2004-07-23,108.96,84.95,NA
2004-07-26,108.73,84.55,NA
2004-07-27,109.77,83.41,NA
2004-07-28,110.1,83.42,1.26
2004-07-29,110.57,83.61,NA
2004-07-30,110.82,84.59,NA
2004-08-02,111.07,84.37,NA
2004-08-03,110.26,84.71,NA
2004-08-04,110.2,84.75,1.27
2004-08-05,108.41,84.99,NA
2004-08-06,106.85,86.42,NA
2004-08-09,107,86.12,NA
2004-08-10,108.22,85.81,NA
2004-08-11,108.16,86.18,1.36
2004-08-12,106.96,86.36,NA
2004-08-13,107.19,86.64,NA
2004-08-16,108.3,86.34,NA
2004-08-17,108.91,86.83,NA
2004-08-18,110.03,86.41,1.42
2004-08-19,109.71,86.62,NA
2004-08-20,110.44,86.54,NA
2004-08-23,110.23,86.05,NA
2004-08-24,110.35,86.09,NA
2004-08-25,111.04,86.39,1.51
2004-08-26,111.1,86.88,NA
2004-08-27,111.45,86.82,NA
2004-08-30,110.53,87.23,NA
2004-08-31,111.13,87.77,NA
2004-09-01,111.32,87.51,1.53
2004-09-02,112.58,86.65,NA
2004-09-03,112.12,86.66,NA
2004-09-07,112.86,86.57,NA
2004-09-08,112.58,87.3,1.5
2004-09-09,112.48,86.97,NA
2004-09-10,113.06,87.1,NA
2004-09-13,113.47,87.48,NA
2004-09-14,113.65,87.57,NA
2004-09-15,112.8,87.37,1.49
2004-09-16,113.14,88.36,NA
2004-09-17,113.15,87.92,NA
2004-09-20,112.47,88.5,NA
2004-09-21,112.99,88.76,NA
2004-09-22,111.51,89.68,1.64
2004-09-23,110.95,89.32,NA
2004-09-24,111.46,89.43,NA
2004-09-27,110.75,89.82,NA
2004-09-28,111.28,89.46,NA
2004-09-29,111.84,88.59,1.76
2004-09-30,111.76,88.25,NA
2004-10-01,113.65,87.45,NA
2004-10-04,113.81,87.58,NA
2004-10-05,113.91,87.58,NA
2004-10-06,114.62,87.18,1.82
2004-10-07,113.48,86.8,NA
2004-10-08,112.51,87.95,NA
2004-10-11,112.97,88.04,NA
2004-10-12,112.53,88.24,NA
2004-10-13,111.54,88.56,1.73
2004-10-14,110.64,88.98,NA
2004-10-15,111.26,88.67,NA
2004-10-18,111.7,88.71,NA
2004-10-19,110.74,88.94,NA
2004-10-20,110.52,89.55,1.76
2004-10-21,111.24,89.61,NA
2004-10-22,109.99,89.82,NA
2004-10-25,109.91,89.89,NA
2004-10-26,111.54,89.62,NA
2004-10-27,112.88,88.74,1.74
2004-10-28,113.24,89.03,NA
2004-10-29,113.2,89.44,NA
2004-11-01,113.51,88.52,NA
2004-11-02,113.55,88.65,NA
2004-11-03,115,88.69,1.78
2004-11-04,116.56,88.78,NA
2004-11-05,117.28,87.81,NA
2004-11-08,117.11,87.5,NA
2004-11-09,116.88,87.45,NA
2004-11-10,116.97,87.12,1.79
2004-11-11,117.86,86.93,NA
2004-11-12,118.79,87.87,NA
2004-11-15,118.73,87.95,NA
2004-11-16,117.84,87.95,NA
2004-11-17,118.58,88.7,2
2004-11-18,118.74,88.97,NA
2004-11-19,117.42,88.26,NA
2004-11-22,117.98,88.72,NA
2004-11-23,118.2,88.83,NA
2004-11-24,118.47,88.83,2
2004-11-26,118.3,88.25,NA
2004-11-29,117.83,87.31,NA
2004-11-30,117.89,86.94,NA
2004-12-01,119.23,86.45,2.02
2004-12-02,119.33,86.1,NA
2004-12-03,119.25,87.44,NA
2004-12-06,119.21,87.74,NA
2004-12-07,118.1,87.85,NA
2004-12-08,118.73,89.22,2
2004-12-09,119.22,88.63,NA
2004-12-10,119.35,88.85,NA
2004-12-13,120.37,89.04,NA
2004-12-14,120.79,89.39,NA
2004-12-15,120.88,90.2,2.15
2004-12-16,120.81,88.87,NA
2004-12-17,119.44,88.75,NA
2004-12-20,119.47,88.91,NA
2004-12-21,120.39,89.18,NA
2004-12-22,120.68,88.88,2.24
2004-12-23,120.77,88.59,NA
2004-12-27,120.52,87.9,NA
2004-12-28,121.18,87.83,NA
2004-12-29,121.36,87.74,2.27
2004-12-30,121.13,88.33,NA
2004-12-31,120.87,88.55,NA
2005-01-03,120.3,88.74,NA
2005-01-04,118.73,87.81,NA
2005-01-05,118.01,88.28,2.14
2005-01-06,118.61,88.34,NA
2005-01-07,118.44,88.54,NA
2005-01-10,119,88.68,NA
2005-01-11,118.18,89.2,NA
2005-01-12,118.57,89.32,2.25
2005-01-13,117.62,90.18,NA
2005-01-14,118.24,90.17,NA
2005-01-18,119.47,90.47,NA
2005-01-19,118.22,90.7,2.28
2005-01-20,117.5,90.91,NA
2005-01-21,116.78,91.01,NA
2005-01-24,116.55,91.4,NA
2005-01-25,116.88,90.54,NA
2005-01-26,117.23,90.71,2.27
2005-01-27,117.43,90.54,NA
2005-01-28,117.43,91.45,NA
2005-01-31,118.16,91.71,NA
2005-02-01,118.91,91.22,NA
2005-02-02,119.27,91.43,2.43
2005-02-03,118.96,91.38,NA
2005-02-04,120.23,92.65,NA
2005-02-07,120.07,93.34,NA
2005-02-08,120.21,93.87,NA
2005-02-09,119.31,94.12,2.5
2005-02-10,119.74,92.85,NA
2005-02-11,120.77,92.79,NA
2005-02-14,120.68,93.08,NA
2005-02-15,121.13,92.61,NA
2005-02-16,121.19,92.26,2.5
2005-02-17,120.23,91.68,NA
2005-02-18,120.4,90.86,NA
2005-02-22,118.6,90.46,NA
2005-02-23,119.45,90.76,2.52
2005-02-24,120.24,90.56,NA
2005-02-25,121.43,91,NA
2005-02-28,120.63,90.02,NA
2005-03-01,121.23,89.71,NA
2005-03-02,121.17,89.59,2.51
2005-03-03,121.22,89.54,NA
2005-03-04,122.73,90.51,NA
2005-03-07,122.79,90.87,NA
2005-03-08,122.33,90.01,NA
2005-03-09,120.97,88.54,2.5
2005-03-10,121.24,89.08,NA
2005-03-11,120.39,88.43,NA
2005-03-14,121.14,88.96,NA
2005-03-15,120.14,88.4,NA
2005-03-16,119.12,88.94,2.55
2005-03-17,119.36,89.23,NA
2005-03-18,118.54,88.67,NA
2005-03-21,118.1,88.42,NA
2005-03-22,116.9,87.68,NA
2005-03-23,117,88.09,2.71
2005-03-24,117.14,88.2,NA
2005-03-28,117.31,87.73,NA
2005-03-29,116.53,88.25,NA
2005-03-30,118.2,88.69,2.77
2005-03-31,117.96,89.33,NA
2005-04-01,117.38,89.3,NA
2005-04-04,117.63,89.28,NA
2005-04-05,118.17,89.05,NA
2005-04-06,118.6,89.36,2.81
2005-04-07,119.24,88.64,NA
2005-04-08,118,88.95,NA
2005-04-11,118.09,89.43,NA
2005-04-12,118.71,90.26,NA
2005-04-13,117.3,90.04,2.76
2005-04-14,115.77,89.9,NA
2005-04-15,114.15,91.09,NA
2005-04-18,114.5,91.03,NA
2005-04-19,115.41,91.9,NA
2005-04-20,113.8,91.67,2.78
2005-04-21,116.01,90.71,NA
2005-04-22,115.57,91.47,NA
2005-04-25,116.33,91.74,NA
2005-04-26,115.2,91.6,NA
2005-04-27,115.65,91.92,2.74
2005-04-28,114.2,92.6,NA
2005-04-29,115.75,92.44,NA
2005-05-02,116.4,92.09,NA
2005-05-03,116.6,92.34,NA
2005-05-04,117.5,91.52,2.96
2005-05-05,117.46,91.74,NA
2005-05-06,117.09,91.06,NA
2005-05-09,117.82,91.15,NA
2005-05-10,116.6,91.8,NA
2005-05-11,117.24,92.08,2.99
2005-05-12,115.95,92.44,NA
2005-05-13,115.72,92.84,NA
2005-05-16,116.79,92.69,NA
2005-05-17,117.58,92.95,NA
2005-05-18,118.82,93.57,3.01
2005-05-19,119.28,93.33,NA
2005-05-20,119.12,93.44,NA
2005-05-23,119.76,94.17,NA
2005-05-24,119.5,94.43,NA
2005-05-25,119.42,93.77,3.01
2005-05-26,120,93.72,NA
2005-05-27,120.25,93.84,NA
2005-05-31,119.48,95,NA
2005-06-01,120.53,95.81,3.02
2005-06-02,120.76,96.04,NA
2005-06-03,120.15,95.25,NA
2005-06-06,120.05,95.75,NA
2005-06-07,120.13,96.51,NA
2005-06-08,119.93,96.05,2.98
2005-06-09,120.48,95.97,NA
2005-06-10,120.19,94.89,NA
2005-06-13,120.61,94.28,NA
2005-06-14,120.86,93.7,NA
2005-06-15,121.09,93.87,3.02
2005-06-16,121.41,94.34,NA
2005-06-17,121.36,94.33,NA
2005-06-20,121.4,94.17,NA
2005-06-21,121.54,94.86,NA
2005-06-22,121.59,96.01,2.98
2005-06-23,119.86,95.91,NA
2005-06-24,118.98,96.39,NA
2005-06-27,119.15,96.65,NA
2005-06-28,120.15,95.99,NA
2005-06-29,119.8,95.84,3.11
2005-06-30,119.18,96.7,NA
2005-07-01,119.53,95.2,NA
2005-07-05,120.45,94.27,NA
2005-07-06,119.48,94.82,3.29
2005-07-07,119.95,95.02,NA
2005-07-08,121.32,94.63,NA
2005-07-11,121.94,94.63,NA
2005-07-12,122.26,94.1,NA
2005-07-13,122.43,93.96,3.22
2005-07-14,122.91,93.72,NA
2005-07-15,122.84,93.97,NA
2005-07-18,122.35,93.27,NA
2005-07-19,123.02,93.63,NA
2005-07-20,123.44,94.11,3.26
2005-07-21,122.72,92.83,NA
2005-07-22,123.54,93.55,NA
2005-07-25,123.19,93.21,NA
2005-07-26,123.34,93.36,NA
2005-07-27,123.8,93.21,3.26
2005-07-28,124.57,94.04,NA
2005-07-29,123.74,93.11,NA
2005-08-01,123.61,92.42,NA
2005-08-02,124.4,92.12,NA
2005-08-03,124.72,92.57,3.29
2005-08-04,123.72,92.38,NA
2005-08-05,122.88,91.66,NA
2005-08-08,122.65,91.49,NA
2005-08-09,123.37,91.83,NA
2005-08-10,123.34,91.73,3.48
2005-08-11,123.84,92.37,NA
2005-08-12,123.06,93.31,NA
2005-08-15,123.82,93.07,NA
2005-08-16,122.17,93.72,NA
2005-08-17,122.2,93.1,3.54
2005-08-18,122.18,93.79,NA
2005-08-19,122.47,93.78,NA
2005-08-22,122.47,93.68,NA
2005-08-23,122.23,94.11,NA
2005-08-24,121.15,94.2,3.52
2005-08-25,121.55,94.5,NA
2005-08-26,120.76,94.47,NA
2005-08-29,121.69,94.59,NA
2005-08-30,121.05,95.19,NA
2005-08-31,122.58,95.99,3.55
2005-09-01,122.49,95.08,NA
2005-09-02,122.27,95.16,NA
2005-09-06,123.7,94.49,NA
2005-09-07,123.91,93.6,3.51
2005-09-08,123.5,93.7,NA
2005-09-09,124.6,94,NA
2005-09-12,124.34,93.35,NA
2005-09-13,123.66,93.84,NA
2005-09-14,123.21,93.48,3.49
2005-09-15,123.15,92.71,NA
2005-09-16,123.5,92.1,NA
2005-09-19,123.09,92.3,NA
2005-09-20,122.05,92.54,NA
2005-09-21,120.91,93.4,3.65
2005-09-22,121.34,93.31,NA
2005-09-23,121.44,92.61,NA
2005-09-26,121.58,92.19,NA
2005-09-27,121.55,92.32,NA
2005-09-28,121.67,92.94,3.77
2005-09-29,122.66,92.52,NA
2005-09-30,123.04,92.2,NA
2005-10-03,122.6,91.12,NA
2005-10-04,121.22,91.42,NA
2005-10-05,119.63,91.82,3.85
2005-10-06,119.2,91.47,NA
2005-10-07,119.59,91.84,NA
2005-10-10,118.57,91.78,NA
2005-10-11,118.43,91.53,NA
2005-10-12,117.5,90.7,3.68
2005-10-13,117.43,90.37,NA
2005-10-14,118.67,90.26,NA
2005-10-17,119.13,90.21,NA
2005-10-18,117.82,90.31,NA
2005-10-19,119.78,90.35,3.76
2005-10-20,117.67,90.59,NA
2005-10-21,118.13,91.43,NA
2005-10-24,119.96,90.72,NA
2005-10-25,119.72,89.94,NA
2005-10-26,119.41,89.28,3.76
2005-10-27,118.1,89.6,NA
2005-10-28,119.8,89.59,NA
2005-10-31,120.13,89.78,NA
2005-11-01,120.49,89.28,NA
2005-11-02,121.75,88.86,3.94
2005-11-03,122.27,88.26,NA
2005-11-04,122.11,88.12,NA
2005-11-07,122.23,88.42,NA
2005-11-08,122.23,89.28,NA
2005-11-09,122.39,88.36,4
2005-11-10,123.34,89.44,NA
2005-11-11,123.76,89.49,NA
2005-11-14,123.69,88.81,NA
2005-11-15,123.24,89.4,NA
2005-11-16,123.49,90.36,3.98
2005-11-17,124.64,90.56,NA
2005-11-18,125.13,90.14,NA
2005-11-21,125.76,90.41,NA
2005-11-22,126.3,90.53,NA
2005-11-23,127.03,90.18,4
2005-11-25,127.13,90.51,NA
2005-11-28,126.23,90.96,NA
2005-11-29,126.09,90.1,NA
2005-11-30,125.41,90,4.02
2005-12-01,126.69,89.47,NA
2005-12-02,126.85,89.5,NA
2005-12-05,126.63,89.1,NA
2005-12-06,126.82,90.01,NA
2005-12-07,126.08,89.67,4
2005-12-08,126,90.25,NA
2005-12-09,126.33,89.54,NA
2005-12-12,126.45,89.37,NA
2005-12-13,127.31,89.7,NA
2005-12-14,127.81,90.62,4.19
2005-12-15,127.44,90.4,NA
2005-12-16,126.36,90.7,NA
2005-12-19,125.71,90.79,NA
2005-12-20,125.83,90.68,NA
2005-12-21,126.03,90.52,4.24
2005-12-22,126.69,91.24,NA
2005-12-23,126.76,91.8,NA
2005-12-27,125.47,92.55,NA
2005-12-28,125.75,91.91,4.22
2005-12-29,125.19,92.1,NA
2005-12-30,124.51,91.9,NA
2006-01-03,126.7,91.78,NA
2006-01-04,127.3,92.06,4.16
2006-01-05,127.38,91.92,NA
2006-01-06,128.44,91.72,NA
2006-01-09,128.77,91.78,NA
2006-01-10,128.9,91.04,NA
2006-01-11,129.31,90.89,4.23
2006-01-12,128.8,91.5,NA
2006-01-13,128.68,92.03,NA
2006-01-17,128.33,92.44,NA
2006-01-18,127.82,92.41,4.29
2006-01-19,128.31,92.14,NA
2006-01-20,125.97,92.38,NA
2006-01-23,126.42,92.35,NA
2006-01-24,126.55,91.9,NA
2006-01-25,126.66,90.9,4.26
2006-01-26,127.36,90.51,NA
2006-01-27,128.54,90.51,NA
2006-01-30,128.44,90.42,NA
2006-01-31,127.5,90.67,NA
2006-02-01,128.39,90.04,4.44
2006-02-02,126.9,90.21,NA
2006-02-03,126.27,90.85,NA
2006-02-06,126.6,91.03,NA
2006-02-07,125.48,90.6,NA
2006-02-08,126.62,90.39,4.5
2006-02-09,126.41,90.8,NA
2006-02-10,126.64,90.3,NA
2006-02-13,126.41,90.31,NA
2006-02-14,127.75,89.99,NA
2006-02-15,128.2,90.21,4.49
2006-02-16,129.16,90.23,NA
2006-02-17,128.81,90.95,NA
2006-02-21,128.49,90.8,NA
2006-02-22,129.27,91.42,4.49
2006-02-23,129.08,91.19,NA
2006-02-24,129.41,91.05,NA
2006-02-27,129.46,90.9,NA
2006-02-28,128.23,91.35,NA
2006-03-01,129.37,90.48,4.5
2006-03-02,129.36,89.85,NA
2006-03-03,128.76,89.33,NA
2006-03-06,128.17,88.55,NA
2006-03-07,127.97,88.61,NA
2006-03-08,128.24,88.58,4.51
2006-03-09,127.38,88.61,NA
2006-03-10,128.59,88.28,NA
2006-03-13,128.83,88.21,NA
2006-03-14,130.18,88.8,NA
2006-03-15,130.76,88.32,4.51
2006-03-16,131.03,89.12,NA
2006-03-17,130.62,88.85,NA
2006-03-20,130.41,89.01,NA
2006-03-21,129.59,88.53,NA
2006-03-22,130.38,88.72,4.57
2006-03-23,130.11,88.44,NA
2006-03-24,130.21,89.09,NA
2006-03-27,130.02,88.78,NA
2006-03-28,129.22,88,NA
2006-03-29,130.03,87.51,4.7
2006-03-30,129.8,86.9,NA
2006-03-31,129.83,86.87,NA
2006-04-03,129.73,86.57,NA
2006-04-04,130.56,86.48,NA
2006-04-05,131.01,86.6,4.88
2006-04-06,130.87,85.94,NA
2006-04-07,129.54,85.1,NA
2006-04-10,129.74,85.26,NA
2006-04-11,128.64,85.56,NA
2006-04-12,128.88,85.04,4.76
2006-04-13,128.71,84.44,NA
2006-04-17,128.66,84.75,NA
2006-04-18,130.7,84.9,NA
2006-04-19,130.95,84.38,4.77
2006-04-20,131.13,84.31,NA
2006-04-21,131.15,84.8,NA
2006-04-24,130.91,85.14,NA
2006-04-25,130.37,84.13,NA
2006-04-26,130.4,83.99,4.74
2006-04-27,131.03,84.1,NA
2006-04-28,131.47,84.16,NA
2006-05-01,130.4,83.2,NA
2006-05-02,131.38,83.42,NA
2006-05-03,130.89,83.24,4.83
2006-05-04,131.36,83.1,NA
2006-05-05,132.52,83.6,NA
2006-05-08,132.36,83.65,NA
2006-05-09,132.62,83.6,NA
2006-05-10,132.55,83.75,4.84
2006-05-11,130.95,83.34,NA
2006-05-12,129.24,82.68,NA
2006-05-15,129.5,82.98,NA
2006-05-16,129.31,83.58,NA
2006-05-17,126.85,83.08,5
2006-05-18,126.21,84.21,NA
2006-05-19,127.1,84.43,NA
2006-05-22,126.13,84.61,NA
2006-05-23,125.17,84.56,NA
2006-05-24,126.17,84.6,4.98
2006-05-25,127.73,84.27,NA
2006-05-26,128.38,84.21,NA
2006-05-30,126.1,84.17,NA
2006-05-31,127.51,83.67,5.01
2006-06-01,128.73,83.71,NA
2006-06-02,129,84.79,NA
2006-06-05,127.12,84.68,NA
2006-06-06,126.81,85.08,NA
2006-06-07,125.86,85.1,4.99
2006-06-08,125.75,85.27,NA
2006-06-09,125.35,85.72,NA
2006-06-12,123.99,85.79,NA
2006-06-13,122.55,85.85,NA
2006-06-14,123.5,84.99,5
2006-06-15,126.12,84.5,NA
2006-06-16,124.65,84.31,NA
2006-06-19,123.67,84.19,NA
2006-06-20,124.09,84.05,NA
2006-06-21,125.01,84.07,4.95
2006-06-22,124.46,83.59,NA
2006-06-23,124.47,83.42,NA
2006-06-26,124.99,83.42,NA
2006-06-27,123.91,83.67,NA
2006-06-28,124.75,83.25,5
2006-06-29,127.27,83.51,NA
2006-06-30,127.23,84.32,NA
2006-07-03,127.8,83.91,NA
2006-07-05,127.07,83.24,5.14
2006-07-06,127.44,83.75,NA
2006-07-07,126.61,84.29,NA
2006-07-10,126.85,84.37,NA
2006-07-11,127.41,84.64,NA
2006-07-12,126.05,84.66,5.24
2006-07-13,124,84.99,NA
2006-07-14,123.52,85.04,NA
2006-07-17,123.34,85.17,NA
2006-07-18,123.97,84.44,NA
2006-07-19,125.69,85.24,5.25
2006-07-20,124.83,85.49,NA
2006-07-21,123.95,85.33,NA
2006-07-24,126.21,85.28,NA
2006-07-25,126.66,85.03,NA
2006-07-26,126.83,85.34,5.24
2006-07-27,126.71,85.21,NA
2006-07-28,127.98,85.7,NA
2006-07-31,127.85,85.8,NA
2006-08-01,127.22,85.46,NA
2006-08-02,128.08,85.78,5.27
2006-08-03,128.42,85.8,NA
2006-08-04,128.2,86.32,NA
2006-08-07,127.95,86.37,NA
2006-08-08,127.41,86.18,NA
2006-08-09,126.98,85.9,5.25
2006-08-10,127.37,85.77,NA
2006-08-11,127.01,85.4,NA
2006-08-14,127.11,85.25,NA
2006-08-15,128.63,85.97,NA
2006-08-16,129.79,86.55,5.23
2006-08-17,130.03,86.52,NA
2006-08-18,130.69,86.77,NA
2006-08-21,130.13,87.08,NA
2006-08-22,130.12,87.11,NA
2006-08-23,129.76,87.15,5.24
2006-08-24,129.65,87.31,NA
2006-08-25,129.81,87.44,NA
2006-08-28,130.43,87.52,NA
2006-08-29,130.58,87.64,NA
2006-08-30,130.66,87.87,5.25
2006-08-31,130.64,88.08,NA
2006-09-01,131.42,87.76,NA
2006-09-05,131.67,87.26,NA
2006-09-06,130.51,87.09,5.25
2006-09-07,129.91,87.26,NA
2006-09-08,130.28,87.33,NA
2006-09-11,130.41,87.25,NA
2006-09-12,131.69,87.69,NA
2006-09-13,132.22,87.73,5.23
2006-09-14,132.23,87.53,NA
2006-09-15,131.96,87.46,NA
2006-09-18,132.14,87.4,NA
2006-09-19,131.81,88.3,NA
2006-09-20,132.51,88.43,5.24
2006-09-21,131.87,89.24,NA
2006-09-22,131.47,89.61,NA
2006-09-25,132.48,90.31,NA
2006-09-26,133.58,89.93,NA
2006-09-27,133.74,89.63,5.27
2006-09-28,133.69,89.52,NA
2006-09-29,133.58,89.39,NA
2006-10-02,133.08,89.3,NA
2006-10-03,133.36,89.18,NA
2006-10-04,134.92,89.83,5.3
2006-10-05,135.18,89.2,NA
2006-10-06,135.01,88.27,NA
2006-10-09,135.09,88.51,NA
2006-10-10,135.27,87.81,NA
2006-10-11,135.11,87.58,5.23
2006-10-12,136.28,87.6,NA
2006-10-13,136.63,87.16,NA
2006-10-16,136.84,87.55,NA
2006-10-17,136.41,87.62,NA
2006-10-18,136.59,87.8,5.23
2006-10-19,136.81,87.64,NA
2006-10-20,136.84,87.55,NA
2006-10-23,137.47,87.2,NA
2006-10-24,137.88,87.2,NA
2006-10-25,138.35,87.89,5.24
2006-10-26,138.78,88.46,NA
2006-10-27,137.91,88.87,NA
2006-10-30,137.81,89.12,NA
2006-10-31,137.79,89.81,NA
2006-11-01,136.86,89.96,5.25
2006-11-02,136.78,89.59,NA
2006-11-03,136.54,88.42,NA
2006-11-06,138.08,88.79,NA
2006-11-07,138.61,89.2,NA
2006-11-08,138.91,89.53,5.24
2006-11-09,138.18,89.47,NA
2006-11-10,138.24,89.86,NA
2006-11-13,138.58,89.84,NA
2006-11-14,139.62,90.19,NA
2006-11-15,140.02,89.85,5.25
2006-11-16,140.38,89.44,NA
2006-11-17,140.42,89.95,NA
2006-11-20,140.5,90.09,NA
2006-11-21,140.64,90.31,NA
2006-11-22,140.92,90.46,5.24
2006-11-24,140.35,90.62,NA
2006-11-27,138.42,90.95,NA
2006-11-28,139.02,91.15,NA
2006-11-29,140.47,90.93,5.26
2006-11-30,140.53,91.53,NA
2006-12-01,140.22,91.42,NA
2006-12-04,141.29,91.58,NA
2006-12-05,141.9,91.15,NA
2006-12-06,141.78,90.97,5.25
2006-12-07,141.16,90.9,NA
2006-12-08,141.42,90.24,NA
2006-12-11,141.83,90.63,NA
2006-12-12,141.72,90.82,NA
2006-12-13,141.87,90.01,5.24
2006-12-14,143.12,89.68,NA
2006-12-15,142.34,89.73,NA
2006-12-18,141.95,89.76,NA
2006-12-19,142.22,89.64,NA
2006-12-20,142.14,89.63,5.25
2006-12-21,141.62,90.08,NA
2006-12-22,140.75,89.39,NA
2006-12-26,141.58,89.66,NA
2006-12-27,142.51,88.7,5.24
2006-12-28,142.21,88.5,NA
2006-12-29,141.62,88.43,NA
2007-01-03,141.37,89.07,5.22
2007-01-04,141.67,89.6,NA
2007-01-05,140.54,89.22,NA
2007-01-08,141.19,89.37,NA
2007-01-09,141.07,89.37,NA
2007-01-10,141.54,88.97,5.23
2007-01-11,142.16,88.45,NA
2007-01-12,143.24,88.04,NA
2007-01-16,142.96,88.2,NA
2007-01-17,143.02,87.96,5.24
2007-01-18,142.54,88.23,NA
2007-01-19,142.82,87.99,NA
2007-01-22,142.38,88.2,NA
2007-01-23,142.8,87.62,NA
2007-01-24,143.95,87.61,5.25
2007-01-25,142.26,86.98,NA
2007-01-26,142.16,86.91,NA
2007-01-29,142.05,86.72,NA
2007-01-30,142.79,86.82,NA
2007-01-31,143.75,87.55,5.27
2007-02-01,144.61,87.09,NA
2007-02-02,144.81,87.2,NA
2007-02-05,144.85,87.32,NA
2007-02-06,144.89,87.8,NA
2007-02-07,145.21,88.06,5.25
2007-02-08,145.02,88.13,NA
2007-02-09,143.94,87.63,NA
2007-02-12,143.45,87.43,NA
2007-02-13,144.66,87.24,NA
2007-02-14,145.61,88.07,5.26
2007-02-15,145.8,88.33,NA
2007-02-16,145.73,88.64,NA
2007-02-20,146.04,88.84,NA
2007-02-21,145.98,88.69,5.25
2007-02-22,145.87,88.21,NA
2007-02-23,145.3,88.84,NA
2007-02-26,145.17,89.43,NA
2007-02-27,139.5,90.56,NA
2007-02-28,140.93,90.15,5.28
2007-03-01,140.51,89.74,NA
2007-03-02,138.67,90.2,NA
2007-03-05,137.35,90.35,NA
2007-03-06,139.7,90.08,NA
2007-03-07,139.56,90.43,5.25
2007-03-08,140.74,90.35,NA
2007-03-09,140.78,89.4,NA
2007-03-12,140.99,89.75,NA
2007-03-13,138.25,90.29,NA
2007-03-14,139.28,89.88,5.25
2007-03-15,139.47,89.87,NA
2007-03-16,138.53,89.85,NA
2007-03-19,140.2,89.66,NA
2007-03-20,140.97,89.71,NA
2007-03-21,143.29,89.75,5.26
2007-03-22,143.18,89.04,NA
2007-03-23,143.39,88.79,NA
2007-03-26,143.2,88.9,NA
2007-03-27,142.86,88.75,NA
2007-03-28,141.82,88.57,5.26
2007-03-29,141.97,88.45,NA
2007-03-30,142,88.28,NA
2007-04-02,142.16,88.1,NA
2007-04-03,143.69,87.99,NA
2007-04-04,143.85,88.08,5.26
2007-04-05,144.24,87.75,NA
2007-04-09,144.44,87.17,NA
2007-04-10,144.61,87.43,NA
2007-04-11,144.02,87.37,5.28
2007-04-12,144.66,87.39,NA
2007-04-13,145.32,87.12,NA
2007-04-16,146.7,87.6,NA
2007-04-17,147.09,88.09,NA
2007-04-18,147.27,88.53,5.24
2007-04-19,147.23,88.38,NA
2007-04-20,148.62,88.15,NA
2007-04-23,148.06,88.47,NA
2007-04-24,148.12,88.8,NA
2007-04-25,149.48,88.49,5.23
2007-04-26,149.65,87.85,NA
2007-04-27,149.53,87.83,NA
2007-04-30,148.29,88.75,NA
2007-05-01,148.67,88.49,NA
2007-05-02,149.54,88.44,5.25
2007-05-03,150.35,88.24,NA
2007-05-04,150.92,88.6,NA
2007-05-07,150.95,88.84,NA
2007-05-08,150.75,88.64,NA
2007-05-09,151.16,88.29,5.23
2007-05-10,149.58,88.5,NA
2007-05-11,150.86,88.19,NA
2007-05-14,150.53,87.96,NA
2007-05-15,150.57,87.93,NA
2007-05-16,151.6,87.87,5.27
2007-05-17,151.3,87.51,NA
2007-05-18,152.62,86.93,NA
2007-05-21,152.54,87.19,NA
2007-05-22,152.42,86.74,NA
2007-05-23,152.44,86.49,5.24
2007-05-24,151.06,86.57,NA
2007-05-25,151.69,86.37,NA
2007-05-29,152.24,86.36,NA
2007-05-30,153.48,86.54,5.28
2007-05-31,153.32,86.38,NA
2007-06-01,154.08,85.59,NA
2007-06-04,154.1,85.98,NA
2007-06-05,153.49,85.44,NA
2007-06-06,151.84,85.4,5.24
2007-06-07,149.1,83.87,NA
2007-06-08,151.04,83.8,NA
2007-06-11,151.3,83.56,NA
2007-06-12,149.65,82.35,NA
2007-06-13,151.89,83.33,5.26
2007-06-14,152.86,83.12,NA
2007-06-15,153.07,83.69,NA
2007-06-18,152.89,83.52,NA
2007-06-19,153.27,84.3,NA
2007-06-20,151.14,83.62,5.25
2007-06-21,151.98,83.22,NA
2007-06-22,150.55,83.76,NA
2007-06-25,149.83,84.22,NA
2007-06-26,148.29,84.24,NA
2007-06-27,150.4,84.32,5.25
2007-06-28,150.38,84.3,NA
2007-06-29,150.43,85.17,NA
2007-07-02,151.79,85.29,NA
2007-07-03,152.34,84.77,NA
2007-07-05,152.18,83.82,NA
2007-07-06,152.98,83.48,NA
2007-07-09,153,83.78,NA
2007-07-10,150.92,85.2,NA
2007-07-11,151.99,84.32,5.23
2007-07-12,154.39,84.03,NA
2007-07-13,154.85,84.26,NA
2007-07-16,154.83,85.07,NA
2007-07-17,154.75,84.89,NA
2007-07-18,154.47,85.21,5.27
2007-07-19,155.07,85.19,NA
2007-07-20,153.5,85.96,NA
2007-07-23,153.97,85.82,NA
2007-07-24,151.3,86.14,NA
2007-07-25,151.61,86.31,5.26
2007-07-26,148.02,87.03,NA
2007-07-27,145.11,87.28,NA
2007-07-30,147.38,87.03,NA
2007-07-31,145.72,87.66,NA
2007-08-01,146.43,87.13,5.27
2007-08-02,147.6,87.35,NA
2007-08-03,143.8,87.93,NA
2007-08-06,146.21,87.29,NA
2007-08-07,147.77,87.22,NA
2007-08-08,149.83,86.16,5.25
2007-08-09,145.39,86.28,NA
2007-08-10,144.71,86.08,NA
2007-08-13,145.23,86.33,NA
2007-08-14,143.01,86.56,NA
2007-08-15,141.04,86.25,4.79
2007-08-16,142.1,87.14,NA
2007-08-17,144.71,86.79,NA
2007-08-20,144.64,86.84,NA
2007-08-21,144.93,87.26,NA
2007-08-22,146.65,87.12,4.91
2007-08-23,146.52,87.42,NA
2007-08-24,148.33,87.85,NA
2007-08-27,146.95,88.31,NA
2007-08-28,143.72,88.46,NA
2007-08-29,146.54,88.22,5.11
2007-08-30,146.15,88.81,NA
2007-08-31,147.59,88.88,NA
2007-09-04,149.08,88.56,NA
2007-09-05,147.79,89.27,5.03
2007-09-06,148.13,89.04,NA
2007-09-07,146.07,90.3,NA
2007-09-10,145.79,91,NA
2007-09-11,147.49,90.93,NA
2007-09-12,147.87,90.59,4.98
2007-09-13,148.91,89.78,NA
2007-09-14,148.9,89.91,NA
2007-09-17,148.1,90.34,NA
2007-09-18,152.46,89.66,NA
2007-09-19,153.36,88.83,5.12
2007-09-20,152.28,87.15,NA
2007-09-21,151.97,87.89,NA
2007-09-24,151.69,88.14,NA
2007-09-25,151.39,87.83,NA
2007-09-26,152.19,87.91,4.78
2007-09-27,153.09,88.52,NA
2007-09-28,152.58,88.72,NA
2007-10-01,154.3,88.88,NA
2007-10-02,154.09,89.16,NA
2007-10-03,153.78,88.9,4.72
2007-10-04,154.02,89.24,NA
2007-10-05,155.85,88.28,NA
2007-10-08,155.02,88.21,NA
2007-10-09,156.48,88.1,NA
2007-10-10,156.22,88.15,4.75
2007-10-11,155.47,88.06,NA
2007-10-12,156.33,87.63,NA
2007-10-15,155.01,87.65,NA
2007-10-16,153.78,87.68,NA
2007-10-17,154.25,88.64,4.74
2007-10-18,153.69,89.13,NA
2007-10-19,149.67,90.46,NA
2007-10-22,150.54,90.47,NA
2007-10-23,151.76,90.35,NA
2007-10-24,151.48,91.02,4.73
2007-10-25,151.84,90.71,NA
2007-10-26,153.62,90.5,NA
2007-10-29,154.13,90.85,NA
2007-10-30,153.06,90.8,NA
2007-10-31,154.65,89.98,4.78
2007-11-01,151.03,90.75,NA
2007-11-02,151.2,91.04,NA
2007-11-05,150.05,91,NA
2007-11-06,152.07,90.56,NA
2007-11-07,147.91,90.72,4.33
2007-11-08,147.16,90.56,NA
2007-11-09,145.14,91.33,NA
2007-11-12,143.7,91.66,NA
2007-11-13,148.08,91.32,NA
2007-11-14,147.67,91.42,4.54
2007-11-15,145.54,92.28,NA
2007-11-16,145.79,92.41,NA
2007-11-19,143.76,93.01,NA
2007-11-20,144.64,92.91,NA
2007-11-21,141.68,93.45,4.51
2007-11-23,144.13,93.73,NA
2007-11-26,140.95,95.58,NA
2007-11-27,142.57,94.67,NA
2007-11-28,147.13,94.03,4.53
2007-11-29,147.18,94.84,NA
2007-11-30,148.66,94.38,NA
2007-12-03,147.68,94.75,NA
2007-12-04,146.36,94.74,NA
2007-12-05,148.81,93.61,4.55
2007-12-06,150.94,92.79,NA
2007-12-07,150.91,91.75,NA
2007-12-10,152.08,91.2,NA
2007-12-11,147.91,92.99,NA
2007-12-12,149.37,92.03,4.39
2007-12-13,149.06,91.03,NA
2007-12-14,147.17,90.61,NA
2007-12-17,145.07,91.42,NA
2007-12-18,145.88,92.01,NA
2007-12-19,145.88,93.23,4.21
2007-12-20,146.8,93.03,NA
2007-12-21,148.13,91.67,NA
2007-12-24,149.23,91.24,NA
2007-12-26,149.55,90.44,4.21
2007-12-27,147.67,91.06,NA
2007-12-28,147.3,92.48,NA
2007-12-31,146.21,93.04,NA
2008-01-02,144.93,94.38,3.77
2008-01-03,144.86,94.25,NA
2008-01-04,141.31,94.27,NA
2008-01-07,141.19,94.68,NA
2008-01-08,138.91,94.57,NA
2008-01-09,140.37,94.75,4.23
2008-01-10,141.29,93.47,NA
2008-01-11,140.15,94.2,NA
2008-01-14,141.28,94.55,NA
2008-01-15,138.17,95.61,NA
2008-01-16,136.98,94.92,4.24
2008-01-17,133.43,96.15,NA
2008-01-18,132.06,95.49,NA
2008-01-22,130.72,96.51,NA
2008-01-23,133.86,96.29,4
2008-01-24,134.99,94.36,NA
2008-01-25,133.04,95.95,NA
2008-01-28,135.24,95.59,NA
2008-01-29,135.91,94.94,NA
2008-01-30,134.91,94.32,3.5
2008-01-31,137.37,94.99,NA
2008-02-01,139.58,95.23,NA
2008-02-04,137.82,94.25,NA
2008-02-05,134.13,94.97,NA
2008-02-06,133.05,94.68,3.01
2008-02-07,133.93,92.64,NA
2008-02-08,133.07,93.7,NA
2008-02-11,133.75,94.09,NA
2008-02-12,134.99,93.53,NA
2008-02-13,136.37,92.54,3
2008-02-14,135.17,91.18,NA
2008-02-15,135.14,91.88,NA
2008-02-19,135.52,90.95,NA
2008-02-20,135.92,91.58,2.98
2008-02-21,134.79,92.55,NA
2008-02-22,135.62,92.02,NA
2008-02-25,137.33,91.08,NA
2008-02-26,138.36,91.11,NA
2008-02-27,138.22,91.19,2.96
2008-02-28,136.87,92.81,NA
2008-02-29,133.82,94.23,NA
2008-03-03,133.5,93.64,NA
2008-03-04,132.99,92.73,NA
2008-03-05,133.83,91.62,3
2008-03-06,131.06,92.11,NA
2008-03-07,129.71,92.23,NA
2008-03-10,128,93.59,NA
2008-03-11,132.6,92.79,NA
2008-03-12,131.36,94.58,2.97
2008-03-13,131.69,93.84,NA
2008-03-14,129.61,95,NA
2008-03-17,128.3,95.73,NA
2008-03-18,133.63,95.36,NA
2008-03-19,130.27,96.94,2.7
2008-03-20,132.08,97.18,NA
2008-03-24,134.78,95.3,NA
2008-03-25,134.8,95.7,NA
2008-03-26,133.17,95.3,2.18
2008-03-27,132.75,94.63,NA
2008-03-28,131.56,95.55,NA
2008-03-31,131.89,95.89,NA
2008-04-01,136.61,93.93,NA
2008-04-02,136.7,94.13,2.23
2008-04-03,137.01,94.34,NA
2008-04-04,136.87,95.2,NA
2008-04-07,136.92,94.7,NA
2008-04-08,136.83,94.37,NA
2008-04-09,135.77,95.35,2.23
2008-04-10,136.02,95.03,NA
2008-04-11,133.38,95.67,NA
2008-04-14,132.9,95.11,NA
2008-04-15,133.37,93.93,NA
2008-04-16,136.85,93.01,2.34
2008-04-17,136.97,92.85,NA
2008-04-18,138.48,92.77,NA
2008-04-21,138.59,93.14,NA
2008-04-22,137.92,93.46,NA
2008-04-23,137.72,93.15,2.25
2008-04-24,138.32,92.36,NA
2008-04-25,139.52,91.82,NA
2008-04-28,139.63,92.1,NA
2008-04-29,139.08,92.45,NA
2008-04-30,138.26,93.12,2.28
2008-05-01,141.11,92.78,NA
2008-05-02,141.54,91.61,NA
2008-05-05,140.79,91.61,NA
2008-05-06,142.05,90.95,NA
2008-05-07,139.57,91.34,1.94
2008-05-08,139.16,92.16,NA
2008-05-09,138.9,92.5,NA
2008-05-12,140.46,92.36,NA
2008-05-13,140.49,91.35,NA
2008-05-14,140.82,91.39,1.96
2008-05-15,142.55,92.22,NA
2008-05-16,142.7,91.84,NA
2008-05-19,143.08,91.96,NA
2008-05-20,141.88,92.44,NA
2008-05-21,139.49,92.46,1.96
2008-05-22,139.51,91.37,NA
2008-05-23,137.61,91.77,NA
2008-05-27,138.73,91.15,NA
2008-05-28,139.3,90.34,2.05
2008-05-29,140,89.69,NA
2008-05-30,140.26,90.28,NA
2008-06-02,138.86,90.3,NA
2008-06-03,138.14,90.95,NA
2008-06-04,138.08,90.14,1.99
2008-06-05,140.78,89.6,NA
2008-06-06,136.29,90.76,NA
2008-06-09,136.71,90.76,NA
2008-06-10,136.01,90.17,NA
2008-06-11,133.96,89.96,1.99
2008-06-12,134.46,89.06,NA
2008-06-13,136.15,88.87,NA
2008-06-16,136.23,88.89,NA
2008-06-17,135.57,89.07,NA
2008-06-18,134.25,89.82,1.98
2008-06-19,134.43,89.29,NA
2008-06-20,131.58,89.81,NA
2008-06-23,131.45,90,NA
2008-06-24,131.19,90.6,NA
2008-06-25,131.81,90.64,1.97
2008-06-26,128.23,91.25,NA
2008-06-27,127.68,92.32,NA
2008-06-30,128.04,92.34,NA
2008-07-01,128.42,91.79,NA
2008-07-02,126.14,92.27,2.08
2008-07-03,126.28,92.07,NA
2008-07-07,125,92.49,NA
2008-07-08,127.2,93.09,NA
2008-07-09,124.79,93.5,1.95
2008-07-10,125.35,93.49,NA
2008-07-11,123.84,92.16,NA
2008-07-14,122.75,92.97,NA
2008-07-15,120.99,92.94,NA
2008-07-16,123.96,91.26,2.01
2008-07-17,125.2,90.79,NA
2008-07-18,126.05,90.45,NA
2008-07-21,126.05,90.8,NA
2008-07-22,127.42,90.35,NA
2008-07-23,128.17,90.17,1.99
2008-07-24,125.51,91.05,NA
2008-07-25,125.48,90.14,NA
2008-07-28,123.64,91.05,NA
2008-07-29,126.28,90.68,NA
2008-07-30,128.53,90.77,2.08
2008-07-31,126.83,91.67,NA
2008-08-01,126.16,91.54,NA
2008-08-04,125.02,91.33,NA
2008-08-05,128.36,90.65,NA
2008-08-06,128.93,90.28,2.02
2008-08-07,126.98,91.75,NA
2008-08-08,129.42,92,NA
2008-08-11,130.7,91.12,NA
2008-08-12,129.34,91.97,NA
2008-08-13,128.57,91.65,1.99
2008-08-14,129.58,92.24,NA
2008-08-15,130.21,93.04,NA
2008-08-18,128.39,93.41,NA
2008-08-19,127.03,93.05,NA
2008-08-20,127.58,93.31,2.02
2008-08-21,127.82,93.14,NA
2008-08-22,129.51,93.08,NA
2008-08-25,126.97,94.01,NA
2008-08-26,127.47,94.09,NA
2008-08-27,128.52,94.25,1.99
2008-08-28,130.14,94.26,NA
2008-08-29,128.69,93.84,NA
2008-09-02,127.99,94.37,NA
2008-09-03,127.88,94.77,1.96
2008-09-04,124.03,95.53,NA
2008-09-05,124.42,95.48,NA
2008-09-08,126.99,95.88,NA
2008-09-09,123.22,96.83,NA
2008-09-10,123.72,96.23,1.99
2008-09-11,125.51,96.18,NA
2008-09-12,126.09,94.94,NA
2008-09-15,120.09,98.02,NA
2008-09-16,122.1,98,NA
2008-09-17,116.61,98.49,2.25
2008-09-18,120.07,97.05,NA
2008-09-19,124.12,93.97,NA
2008-09-22,121.31,93.96,NA
2008-09-23,118.55,93.6,NA
2008-09-24,118.93,94.01,1.54
2008-09-25,120.79,93.82,NA
2008-09-26,120.85,94.5,NA
2008-09-29,111.38,97.25,NA
2008-09-30,115.99,94.88,NA
2008-10-01,116.06,95.78,1.32
2008-10-02,111.85,96.55,NA
2008-10-03,110.34,97.4,NA
2008-10-06,104.72,99.17,NA
2008-10-07,100.03,98.87,NA
2008-10-08,97.51,97.45,1.59
2008-10-09,90.7,96.63,NA
2008-10-10,88.5,95.95,NA
2008-10-13,101.35,94.72,NA
2008-10-14,99.85,94.11,NA
2008-10-15,90.02,95.01,0.96
2008-10-16,93.77,94.52,NA
2008-10-17,93.21,93.87,NA
2008-10-20,98.81,94.62,NA
2008-10-21,95.86,95.12,NA
2008-10-22,90.64,97.05,0.69
2008-10-23,91.69,97.77,NA
2008-10-24,87.04,96.73,NA
2008-10-27,83.95,96.8,NA
2008-10-28,93.76,95.39,NA
2008-10-29,93.08,94.91,0.82
2008-10-30,96.3,94.05,NA
2008-10-31,96.83,92.83,NA
2008-11-03,97.11,92.71,NA
2008-11-04,100.41,94.45,NA
2008-11-05,96.19,95.57,0.24
2008-11-06,90.86,94.88,NA
2008-11-07,93.86,94.26,NA
2008-11-10,92.63,94.72,NA
2008-11-11,89.77,95,NA
2008-11-12,85.82,95.61,0.28
2008-11-13,91.17,93.32,NA
2008-11-14,86.62,95.17,NA
2008-11-17,85.47,95.59,NA
2008-11-18,87.08,96.82,NA
2008-11-19,81.5,99.3,0.36
2008-11-20,75.45,104.43,NA
2008-11-21,79.52,102.92,NA
2008-11-24,85.03,101.31,NA
2008-11-25,85.66,104.29,NA
2008-11-26,88.97,104.43,0.56
2008-11-28,90.09,105.72,NA
2008-12-01,82.11,109.4,NA
2008-12-02,85.27,109.82,NA
2008-12-03,87.32,110.13,0.49
2008-12-04,85.3,112.3,NA
2008-12-05,87.93,110.48,NA
2008-12-08,91,110.24,NA
2008-12-09,89.5,112.42,NA
2008-12-10,90.11,112.15,0.13
2008-12-11,87.94,112.37,NA
2008-12-12,88.99,112.37,NA
2008-12-15,87.75,113.65,NA
2008-12-16,91.88,116.46,NA
2008-12-17,91.62,119.99,0.15
2008-12-18,89.29,122.13,NA
2008-12-19,88.19,122.26,NA
2008-12-22,87.06,121.32,NA
2008-12-23,86.16,121.16,NA
2008-12-24,86.66,120.9,0.11
2008-12-26,87.16,121.3,NA
2008-12-29,86.91,120.75,NA
2008-12-30,88.97,121.9,NA
2008-12-31,90.24,119.35,0.1
2009-01-02,92.96,116.35,NA
2009-01-05,92.85,113.35,NA
2009-01-06,93.47,112.21,NA
2009-01-07,90.67,112.65,0.1
2009-01-08,91.04,112.56,NA
2009-01-09,89.09,112.73,NA
2009-01-12,86.95,113.9,NA
2009-01-13,87.11,114.02,NA
2009-01-14,84.37,115.9,0.1
2009-01-15,84.4,116.09,NA
2009-01-16,85.06,114.3,NA
2009-01-20,80.57,114.28,NA
2009-01-21,84.05,110.67,0.2
2009-01-22,82.75,108.54,NA
2009-01-23,83.11,107.69,NA
2009-01-26,83.68,106.75,NA
2009-01-27,84.53,109.26,NA
2009-01-28,87.39,106.53,0.19
2009-01-29,84.55,104.08,NA
2009-01-30,82.83,103.75,NA
2009-02-02,82.58,105.39,NA
2009-02-03,83.74,102.88,NA
2009-02-04,83.33,102.52,0.23
2009-02-05,84.57,102.61,NA
2009-02-06,86.98,102.29,NA
2009-02-09,87.1,102.62,NA
2009-02-10,83.11,104.85,NA
2009-02-11,83.6,106.21,0.23
2009-02-12,83.66,105.21,NA
2009-02-13,82.76,102.41,NA
2009-02-17,79.22,105.6,NA
2009-02-18,79.03,104.7,0.23
2009-02-19,78.18,102.92,NA
2009-02-20,77.42,103.92,NA
2009-02-23,74.65,104.88,NA
2009-02-24,77.48,104.77,NA
2009-02-25,76.87,103.56,0.2
2009-02-26,75.62,102.47,NA
2009-02-27,73.93,101.88,NA
2009-03-02,70.6,103.28,NA
2009-03-03,70.07,102.59,NA
2009-03-04,71.73,102.12,0.22
2009-03-05,68.8,104.96,NA
2009-03-06,68.92,104.26,NA
2009-03-09,68.11,103.65,NA
2009-03-10,72.17,101.66,NA
2009-03-11,72.64,102.76,0.2
2009-03-12,75.5,103.25,NA
2009-03-13,76.09,102.73,NA
2009-03-16,75.86,101.11,NA
2009-03-17,78.18,100.56,NA
2009-03-18,79.93,104.37,0.17
2009-03-19,78.94,104.5,NA
2009-03-20,76.71,103.92,NA
2009-03-23,82.22,103.02,NA
2009-03-24,80.6,104,NA
2009-03-25,81.45,102.6,0.17
2009-03-26,83.11,103.79,NA
2009-03-27,81.61,104.56,NA
2009-03-30,78.79,104.96,NA
2009-03-31,79.52,105.71,NA
2009-04-01,81.06,106.37,0.16
2009-04-02,83.43,105.07,NA
2009-04-03,84.26,102.92,NA
2009-04-06,83.6,102.48,NA
2009-04-07,81.65,102.74,NA
2009-04-08,82.53,103.65,0.14
2009-04-09,85.81,102.35,NA
2009-04-13,85.83,103.29,NA
2009-04-14,84.35,103.83,NA
2009-04-15,85.25,103.65,0.15
2009-04-16,86.5,102.83,NA
2009-04-17,87.08,101.7,NA
2009-04-20,83.43,103.24,NA
2009-04-21,85.06,102.22,NA
2009-04-22,84.54,101.6,0.14
2009-04-23,85.37,101.59,NA
2009-04-24,86.66,100.57,NA
2009-04-27,85.84,101,NA
2009-04-28,85.57,99.35,NA
2009-04-29,87.39,98.47,0.17
2009-04-30,87.42,98.08,NA
2009-05-01,87.89,97.11,NA
2009-05-04,90.88,97.43,NA
2009-05-05,90.57,97.31,NA
2009-05-06,92.14,97.08,0.21
2009-05-07,90.86,94.71,NA
2009-05-08,92.98,94.94,NA
2009-05-11,91.24,96.29,NA
2009-05-12,90.97,96.64,NA
2009-05-13,88.68,97.69,0.17
2009-05-14,89.44,98.07,NA
2009-05-15,88.71,98.04,NA
2009-05-18,91.23,96.52,NA
2009-05-19,91.12,96.01,NA
2009-05-20,90.51,97.02,0.16
2009-05-21,89.21,94.58,NA
2009-05-22,89.02,93.53,NA
2009-05-26,91.3,92.12,NA
2009-05-27,89.67,90.49,0.17
2009-05-28,90.92,91.8,NA
2009-05-29,92.53,94.17,NA
2009-06-01,94.77,91.09,NA
2009-06-02,94.85,91.58,NA
2009-06-03,93.65,92.44,0.19
2009-06-04,94.53,90.53,NA
2009-06-05,94.55,89.84,NA
2009-06-08,94.16,89.61,NA
2009-06-09,94.64,89.6,NA
2009-06-10,94.4,88.19,0.2
2009-06-11,94.82,89.17,NA
2009-06-12,95.08,89.97,NA
2009-06-15,92.9,90.78,NA
2009-06-16,91.64,92.36,NA
2009-06-17,91.55,91.84,0.19
2009-06-18,92.22,90.45,NA
2009-06-19,92.04,91.69,NA
2009-06-22,89.28,92.58,NA
2009-06-23,89.35,93.67,NA
2009-06-24,90.12,92.73,0.24
2009-06-25,92.08,94.43,NA
2009-06-26,91.84,94.59,NA
2009-06-29,92.7,94.73,NA
2009-06-30,91.95,94.57,NA
2009-07-01,92.33,94.08,0.19
2009-07-02,89.81,94.3,NA
2009-07-06,89.8,94.12,NA
2009-07-07,88.06,94.75,NA
2009-07-08,88,96.5,0.17
2009-07-09,88.17,95.35,NA
2009-07-10,87.96,96.23,NA
2009-07-13,90.1,95.69,NA
2009-07-14,90.61,94.1,NA
2009-07-15,93.26,91.68,0.14
2009-07-16,94.12,92.67,NA
2009-07-17,94.13,91.24,NA
2009-07-20,95.13,91.72,NA
2009-07-21,95.57,93.55,NA
2009-07-22,95.55,92.71,0.15
2009-07-23,97.66,91.01,NA
2009-07-24,98.06,91.45,NA
2009-07-27,98.35,90.4,NA
2009-07-28,97.89,91.2,NA
2009-07-29,97.65,91.7,0.15
2009-07-30,98.67,93,NA
2009-07-31,98.81,94.81,NA
2009-08-03,100.44,93.06,NA
2009-08-04,100.7,92.32,NA
2009-08-05,100.41,90.94,0.18
2009-08-06,99.89,91.25,NA
2009-08-07,101.2,90.49,NA
2009-08-10,100.99,91.62,NA
2009-08-12,100.8,91.69,0.17
2009-08-13,101.57,92.99,NA
2009-08-14,100.79,93.35,NA
2009-08-17,98.31,94.73,NA
2009-08-18,99.09,94.18,NA
2009-08-19,99.96,94.96,0.16
2009-08-20,100.99,95.74,NA
2009-08-21,102.97,93.77,NA
2009-08-24,102.96,95.47,NA
2009-08-25,103.16,96.01,NA
2009-08-26,103.17,96.45,0.16
2009-08-27,103.4,96.07,NA
2009-08-28,103.38,96.51,NA
2009-08-31,102.46,96.6,NA
2009-09-01,100.2,96.06,NA
2009-09-02,99.82,97.46,0.15
2009-09-03,100.65,96.86,NA
2009-09-04,102.06,95.21,NA
2009-09-08,102.94,94.54,NA
2009-09-09,103.73,94.43,0.15
2009-09-10,104.79,96.17,NA
2009-09-11,104.77,96.7,NA
2009-09-14,105.28,95.74,NA
2009-09-15,105.72,95.25,NA
2009-09-16,107.32,95.42,0.16
2009-09-17,107.16,96.62,NA
2009-09-18,106.72,95.76,NA
2009-09-21,106.45,95.98,NA
2009-09-22,107.07,96.18,NA
2009-09-23,106.18,96.47,0.16
2009-09-24,105.01,96.75,NA
2009-09-25,104.45,97.98,NA
2009-09-28,106.32,98.84,NA
2009-09-29,106,98.75,NA
2009-09-30,105.59,98.66,0.12
2009-10-01,103,99.7,NA
2009-10-02,102.49,99.01,NA
2009-10-05,104.02,99.02,NA
2009-10-06,105.51,98.04,NA
2009-10-07,105.8,99.19,0.13
2009-10-08,106.61,98.15,NA
2009-10-09,107.26,95.9,NA
2009-10-12,107.68,96.05,NA
2009-10-13,107.46,96.55,NA
2009-10-14,109.31,95.12,0.12
2009-10-15,109.71,94.68,NA
2009-10-16,108.89,95.45,NA
2009-10-19,109.79,96.2,NA
2009-10-20,109.21,96.72,NA
2009-10-21,108.23,96.14,0.12
2009-10-22,109.33,95.67,NA
2009-10-23,108.08,94.95,NA
2009-10-26,106.91,93.72,NA
2009-10-27,106.42,95,NA
2009-10-28,104.41,95.45,0.11
2009-10-29,106.65,94.41,NA
2009-10-30,103.56,95.78,NA
2009-11-02,104.32,95.05,NA
2009-11-03,104.65,94.1,NA
2009-11-04,104.92,93.24,0.12
2009-11-05,106.85,93.24,NA
2009-11-06,107.13,93.33,NA
2009-11-09,109.57,93.44,NA
2009-11-10,109.59,93.27,NA
2009-11-11,110.15,93.66,0.12
2009-11-12,109.03,93.49,NA
2009-11-13,109.62,93.92,NA
2009-11-16,111.21,95.02,NA
2009-11-17,111.34,95.53,NA
2009-11-18,111.27,94.97,0.12
2009-11-19,109.82,95.14,NA
2009-11-20,109.43,95.12,NA
2009-11-23,110.82,95,NA
2009-11-24,110.99,95.6,NA
2009-11-25,111.38,96.04,0.11
2009-11-27,109.57,96.4,NA
2009-11-30,109.94,96.63,NA
2009-12-01,111.3,95.25,NA
2009-12-02,111.25,95.33,0.12
2009-12-03,110.38,94.34,NA
2009-12-04,111.01,93.34,NA
2009-12-07,110.84,93.46,NA
2009-12-08,109.61,93.6,NA
2009-12-09,110.02,93.17,0.12
2009-12-10,110.64,92.1,NA
2009-12-11,111.11,92.09,NA
2009-12-14,111.87,92.2,NA
2009-12-15,111.35,91.79,NA
2009-12-16,111.52,91.68,0.12
2009-12-17,110.18,93.19,NA
2009-12-18,110.21,92.79,NA
2009-12-21,111.33,91.14,NA
2009-12-22,111.73,90.63,NA
2009-12-23,111.95,90.65,0.12
2009-12-24,112.48,89.71,NA
2009-12-28,112.72,89.46,NA
2009-12-29,112.56,89.73,NA
2009-12-30,112.52,90.32,0.11
2009-12-31,111.44,89.89,NA
2010-01-04,113.33,89.81,NA
2010-01-05,113.63,90.39,NA
2010-01-06,113.71,89.18,0.08
2010-01-07,114.19,89.33,NA
2010-01-08,114.57,89.29,NA
2010-01-11,114.73,88.8,NA
2010-01-12,113.66,90.32,NA
2010-01-13,114.62,89.27,0.11
2010-01-14,114.93,90.52,NA
2010-01-15,113.64,91.08,NA
2010-01-19,115.06,90.82,NA
2010-01-20,113.89,91.74,0.12
2010-01-21,111.7,92.16,NA
2010-01-22,109.21,92,NA
2010-01-25,109.77,91.58,NA
2010-01-26,109.31,91.61,NA
2010-01-27,109.83,91.56,0.12
2010-01-28,108.57,91.51,NA
2010-01-29,107.39,92.31,NA
2010-02-01,109.06,91.15,NA
2010-02-02,110.38,91.41,NA
2010-02-03,109.83,90.35,0.13
2010-02-04,106.44,91.78,NA
2010-02-05,106.66,91.98,NA
2010-02-08,105.89,92.1,NA
2010-02-09,107.22,91.18,NA
2010-02-10,107.01,90.31,0.13
2010-02-11,108.13,89.82,NA
2010-02-12,108.04,90.19,NA
2010-02-16,109.74,90.36,NA
2010-02-17,110.26,89.33,0.12
2010-02-18,110.91,88.97,NA
2010-02-19,111.14,89.45,NA
2010-02-22,111.16,89.08,NA
2010-02-23,109.81,90.47,NA
2010-02-24,110.82,90.69,0.12
2010-02-25,110.67,91.2,NA
2010-02-26,110.74,91.67,NA
2010-03-01,111.89,91.34,NA
2010-03-02,112.2,91.22,NA
2010-03-03,112.3,90.99,0.13
2010-03-04,112.64,91.47,NA
2010-03-05,114.25,90.27,NA
2010-03-08,114.27,89.8,NA
2010-03-09,114.46,89.82,NA
2010-03-10,114.97,89.59,0.16
2010-03-11,115.45,89.92,NA
2010-03-12,115.46,90.48,NA
2010-03-15,115.49,90.36,NA
2010-03-16,116.41,91.08,NA
2010-03-17,117.1,91.47,0.18
2010-03-18,117.04,91.17,NA
2010-03-19,115.97,91.26,NA
2010-03-22,116.59,91.36,NA
2010-03-23,117.41,90.93,NA
2010-03-24,116.84,89.27,0.18
2010-03-25,116.65,88.7,NA
2010-03-26,116.58,88.95,NA
2010-03-29,117.32,88.61,NA
2010-03-30,117.4,88.89,NA
2010-03-31,117,89.5,0.16
2010-04-01,117.8,88.95,NA
2010-04-05,118.76,87.47,NA
2010-04-06,119.04,87.61,NA
2010-04-07,118.36,88.73,0.19
2010-04-08,118.77,88.77,NA
2010-04-09,119.55,88.98,NA
2010-04-12,119.74,89.45,NA
2010-04-13,119.83,89.74,NA
2010-04-14,121.19,89.11,0.19
2010-04-15,121.29,89.21,NA
2010-04-16,119.36,89.86,NA
2010-04-19,119.81,89.64,NA
2010-04-20,120.88,89.96,NA
2010-04-21,120.66,90.7,0.21
2010-04-22,121.02,90.43,NA
2010-04-23,121.81,90.11,NA
2010-04-26,121.35,90.21,NA
2010-04-27,118.48,91.48,NA
2010-04-28,119.38,90.7,0.2
2010-04-29,120.86,91.08,NA
2010-04-30,118.81,92.13,NA
2010-05-03,120.35,91.69,NA
2010-05-04,117.52,93.34,NA
2010-05-05,116.82,93.89,0.2
2010-05-06,112.94,96.79,NA
2010-05-07,111.26,95.58,NA
2010-05-10,116.16,93.6,NA
2010-05-11,115.83,93.36,NA
2010-05-12,117.45,92.65,0.2
2010-05-13,115.99,93.26,NA
2010-05-14,113.89,94.88,NA
2010-05-17,113.95,94.53,NA
2010-05-18,112.4,95.98,NA
2010-05-19,111.76,96.3,0.2
2010-05-20,107.54,98.33,NA
2010-05-21,109.12,98.43,NA
2010-05-24,107.71,98.09,NA
2010-05-25,107.82,98.57,NA
2010-05-26,107.17,98.29,0.2
2010-05-27,110.76,96.06,NA
2010-05-28,109.37,96.5,NA
2010-06-01,107.53,96.85,NA
2010-06-02,110.33,95.93,0.19
2010-06-03,110.71,95.23,NA
2010-06-04,106.82,97.79,NA
2010-06-07,105.49,98.54,NA
2010-06-08,106.62,98.05,NA
2010-06-09,106.05,97.94,0.19
2010-06-10,109.15,96.19,NA
2010-06-11,109.68,97.41,NA
2010-06-14,109.51,96.91,NA
2010-06-15,112,96.51,NA
2010-06-16,111.96,97.06,0.18
2010-06-17,112.14,97.85,NA
2010-06-18,111.73,97.69,NA
2010-06-21,111.41,97.41,NA
2010-06-22,109.57,98.57,NA
2010-06-23,109.23,99.24,0.18
2010-06-24,107.42,98.65,NA
2010-06-25,107.87,99.05,NA
2010-06-28,107.53,99.98,NA
2010-06-29,104.21,101.07,NA
2010-06-30,103.22,101.75,0.15
2010-07-01,102.76,101.6,NA
2010-07-02,102.2,100.79,NA
2010-07-06,102.87,101.62,NA
2010-07-07,106.11,100.43,0.18
2010-07-08,107.16,99.79,NA
2010-07-09,107.96,99.22,NA
2010-07-12,108.03,99.18,NA
2010-07-13,109.66,98.33,NA
2010-07-14,109.65,99.32,0.17
2010-07-15,109.68,100.31,NA
2010-07-16,106.66,100.8,NA
2010-07-19,107.29,100.18,NA
2010-07-20,108.48,100.33,NA
2010-07-21,107.07,102.03,0.19
2010-07-22,109.46,100.85,NA
2010-07-23,110.41,99.78,NA
2010-07-26,111.56,99.61,NA
2010-07-27,111.55,98.65,NA
2010-07-28,110.83,98.97,0.19
2010-07-29,110.29,98.94,NA
2010-07-30,110.27,100.48,NA
2010-08-02,112.76,98.75,NA
2010-08-03,112.22,99.32,NA
2010-08-04,112.97,98.56,0.19
2010-08-05,112.85,99.02,NA
2010-08-06,112.39,100.1,NA
2010-08-09,112.99,99.73,NA
2010-08-10,112.38,99.94,NA
2010-08-11,109.3,101.28,0.18
2010-08-12,108.63,101.03,NA
2010-08-13,108.31,102.29,NA
2010-08-16,108.26,104.85,NA
2010-08-17,109.59,104.25,NA
2010-08-18,109.79,104.53,0.19
2010-08-19,107.88,106.16,NA
2010-08-20,107.53,106.04,NA
2010-08-23,107.12,106.06,NA
2010-08-24,105.53,107.76,NA
2010-08-25,105.94,107.41,0.19
2010-08-26,105.23,108.42,NA
2010-08-27,106.86,105.35,NA
2010-08-30,105.31,107.37,NA
2010-08-31,105.31,108.56,NA
2010-09-01,108.46,106,0.19
2010-09-02,109.47,104.88,NA
2010-09-03,110.89,103.58,NA
2010-09-07,109.64,105.7,NA
2010-09-08,110.41,104.86,0.19
2010-09-09,110.92,102.79,NA
2010-09-10,111.48,102.32,NA
2010-09-13,112.72,102.82,NA
2010-09-14,112.65,103.81,NA
2010-09-15,113.08,102.27,0.19
2010-09-16,113.05,101.26,NA
2010-09-17,112.49,101.67,NA
2010-09-20,114.21,102.26,NA
2010-09-21,113.98,103.68,NA
2010-09-22,113.42,104.61,0.21
2010-09-23,112.5,104.91,NA
2010-09-24,114.82,103.5,NA
2010-09-27,114.27,105.3,NA
2010-09-28,114.67,106.02,NA
2010-09-29,114.47,105.58,0.2
2010-09-30,114.13,105.51,NA
2010-10-01,114.61,104.61,NA
2010-10-04,113.75,104.88,NA
2010-10-05,116.04,104.25,NA
2010-10-06,116.03,105.56,0.19
2010-10-07,115.89,104.68,NA
2010-10-08,116.54,104.22,NA
2010-10-11,116.65,104.24,NA
2010-10-12,117.01,103.21,NA
2010-10-13,117.92,103.05,0.18
2010-10-14,117.46,101.51,NA
2010-10-15,117.7,100.27,NA
2010-10-18,118.54,101.08,NA
2010-10-19,116.73,101.69,NA
2010-10-20,117.87,101.91,0.19
2010-10-21,118.13,100.7,NA
2010-10-22,118.35,101.38,NA
2010-10-25,118.7,101.67,NA
2010-10-26,118.72,100.1,NA
2010-10-27,118.38,99.22,0.19
2010-10-28,118.4,99.49,NA
2010-10-29,118.49,100.42,NA
2010-11-01,118.53,99.67,NA
2010-11-02,119.48,100.98,NA
2010-11-03,119.95,98.92,0.2
2010-11-04,122.26,99.69,NA
2010-11-05,122.72,97.98,NA
2010-11-08,122.49,98.42,NA
2010-11-09,121.61,96.25,NA
2010-11-10,122.1,96.38,0.18
2010-11-11,121.64,96.33,NA
2010-11-12,120.2,95.81,NA
2010-11-15,120.03,93.81,NA
2010-11-16,118.16,96.14,NA
2010-11-17,118.22,95.61,0.19
2010-11-18,119.96,96,NA
2010-11-19,120.29,96.59,NA
2010-11-22,120.19,97,NA
2010-11-23,118.45,97.48,NA
2010-11-24,120.2,95.74,0.2
2010-11-26,118.8,97.07,NA
2010-11-29,119.16,97.9,NA
2010-11-30,118.49,98.41,NA
2010-12-01,121.01,95.89,0.2
2010-12-02,122.56,95.64,NA
2010-12-03,122.89,94.89,NA
2010-12-06,122.76,96.23,NA
2010-12-07,122.83,94.17,NA
2010-12-08,123.28,93.26,0.18
2010-12-09,123.76,93.72,NA
2010-12-10,124.48,93.15,NA
2010-12-13,124.56,93.5,NA
2010-12-14,124.67,92.14,NA
2010-12-15,124.1,90.94,0.17
2010-12-16,124.82,91.57,NA
2010-12-17,124.3,93.24,NA
2010-12-20,124.6,93.14,NA
2010-12-21,125.39,93.79,NA
2010-12-22,125.78,93.12,0.2
2010-12-23,125.6,92.93,NA
2010-12-27,125.65,93.76,NA
2010-12-28,125.83,91.61,NA
2010-12-29,125.92,93.16,0.19
2010-12-30,125.72,93.09,NA
2010-12-31,125.75,94.12,NA
2011-01-03,127.05,93.41,NA
2011-01-04,126.98,93.52,NA
2011-01-05,127.64,91.46,0.16
2011-01-06,127.39,91.86,NA
2011-01-07,127.14,92.35,NA
2011-01-10,126.98,92.85,NA
2011-01-11,127.43,92.33,NA
2011-01-12,128.58,91.61,0.17
2011-01-13,128.37,92.43,NA
2011-01-14,129.3,91.84,NA
2011-01-18,129.52,91.41,NA
2011-01-19,128.25,92.07,0.17
2011-01-20,128.08,90.8,NA
2011-01-21,128.37,91.52,NA
2011-01-24,129.1,91.56,NA
2011-01-25,129.17,92.43,NA
2011-01-26,129.67,91.03,0.17
2011-01-27,129.99,91.44,NA
2011-01-28,127.72,91.92,NA
2011-01-31,128.68,91.22,NA
2011-02-01,130.74,90.45,NA
2011-02-02,130.48,90.47,0.17
2011-02-03,130.76,89.72,NA
2011-02-04,131.17,88.81,NA
2011-02-07,132,89.23,NA
2011-02-08,132.59,88.43,NA
2011-02-09,132.32,89.22,0.17
2011-02-10,132.33,88.19,NA
2011-02-11,133.15,89.43,NA
2011-02-14,133.43,89.57,NA
2011-02-15,133.04,89.92,NA
2011-02-16,133.82,89.62,0.15
2011-02-17,134.22,89.79,NA
2011-02-18,134.57,89.49,NA
2011-02-22,131.8,90.85,NA
2011-02-23,131.01,91.21,0.15
2011-02-24,130.92,91.75,NA
2011-02-25,132.32,92.28,NA
2011-02-28,133.15,92.4,NA
2011-03-01,130.89,92.38,NA
2011-03-02,131.16,90.94,0.15
2011-03-03,133.47,90.06,NA
2011-03-04,132.47,90.81,NA
2011-03-07,131.37,90.23,NA
2011-03-08,132.56,89.65,NA
2011-03-09,132.39,90.55,0.15
2011-03-10,129.93,92.09,NA
2011-03-11,130.84,91.55,NA
2011-03-14,130.05,91.51,NA
2011-03-15,128.56,92.88,NA
2011-03-16,126.21,93.92,0.14
2011-03-17,127.85,93.21,NA
2011-03-18,127.76,93.45,NA
2011-03-21,129.74,92.89,NA
2011-03-22,129.3,93.22,NA
2011-03-23,129.64,93.1,0.14
2011-03-24,130.9,92.41,NA
2011-03-25,131.29,92.17,NA
2011-03-28,130.94,92.3,NA
2011-03-29,131.86,91.62,NA
2011-03-30,132.7,92.32,0.13
2011-03-31,132.51,92.12,NA
2011-04-01,133.15,92.19,NA
2011-04-04,133.24,92.29,NA
2011-04-05,133.24,91.92,NA
2011-04-06,133.66,90.54,0.1
2011-04-07,133.32,90.36,NA
2011-04-08,132.86,89.88,NA
2011-04-11,132.47,89.96,NA
2011-04-12,131.45,90.93,NA
2011-04-13,131.45,91.49,0.09
2011-04-14,131.56,91.43,NA
2011-04-15,132.12,92.67,NA
2011-04-18,130.53,92.88,NA
2011-04-19,131.28,93.28,NA
2011-04-20,133.16,92.64,0.11
2011-04-21,133.74,92.62,NA
2011-04-25,133.62,92.95,NA
2011-04-26,134.79,93.87,NA
2011-04-27,135.63,92.85,0.1
2011-04-28,136.04,93.6,NA
2011-04-29,136.54,93.9,NA
2011-05-02,136.25,93.65,NA
2011-05-03,135.71,94.17,NA
2011-05-04,134.86,94.61,0.09
2011-05-05,133.63,95.5,NA
2011-05-06,134.2,95.07,NA
2011-05-09,134.72,94.97,NA
2011-05-10,135.87,94.29,NA
2011-05-11,134.45,94.83,0.09
2011-05-12,135.1,94.23,NA
2011-05-13,134.04,95.08,NA
2011-05-16,133.19,95.61,NA
2011-05-17,133.17,96.59,NA
2011-05-18,134.38,95.29,0.09
2011-05-19,134.66,95.27,NA
2011-05-20,133.67,95.32,NA
2011-05-23,132.04,95.78,NA
2011-05-24,131.95,96.14,NA
2011-05-25,132.37,95.69,0.1
2011-05-26,133.01,96.51,NA
2011-05-27,133.54,96.47,NA
2011-05-31,134.89,96.69,NA
2011-06-01,131.85,97.64,0.1
2011-06-02,131.69,95.78,NA
2011-06-03,130.4,96.33,NA
2011-06-06,129.05,95.6,NA
2011-06-07,128.85,96.04,NA
2011-06-08,128.4,96.79,0.1
2011-06-09,129.4,96.4,NA
2011-06-10,127.56,97.14,NA
2011-06-13,127.67,96.65,NA
2011-06-14,129.32,95.19,NA
2011-06-15,127.02,96.92,0.09
2011-06-16,127.28,97.36,NA
2011-06-17,127.02,96.87,NA
2011-06-20,127.7,97.02,NA
2011-06-21,129.42,96.59,NA
2011-06-22,128.7,96.65,0.1
2011-06-23,128.29,97.39,NA
2011-06-24,126.81,96.98,NA
2011-06-27,127.94,95.65,NA
2011-06-28,129.61,94.88,NA
2011-06-29,130.75,94.25,0.08
2011-06-30,131.97,94.1,NA
2011-07-01,133.96,93.61,NA
2011-07-05,133.71,93.84,NA
2011-07-06,133.94,94.32,0.08
2011-07-07,135.46,94.04,NA
2011-07-08,134.4,95.37,NA
2011-07-11,131.96,96.8,NA
2011-07-12,131.43,97.13,NA
2011-07-13,131.85,97.4,0.07
2011-07-14,130.94,96.01,NA
2011-07-15,131.74,96.17,NA
2011-07-18,130.58,95.22,NA
2011-07-19,132.78,97.26,NA
2011-07-20,132.65,96.07,0.06
2011-07-21,134.52,95.33,NA
2011-07-22,134.61,96.05,NA
2011-07-25,133.83,95.02,NA
2011-07-26,133.36,95.68,NA
2011-07-27,130.6,95.66,0.06
2011-07-28,130.16,96.02,NA
2011-07-29,129.05,97.94,NA
2011-08-01,128.71,98.58,NA
2011-08-02,125.49,101.54,NA
2011-08-03,126.21,101.76,0.12
2011-08-04,120.18,105.55,NA
2011-08-05,119.98,102.29,NA
2011-08-08,112.26,105.57,NA
2011-08-09,117.37,105.87,NA
2011-08-10,112.35,109.06,0.09
2011-08-11,117.28,103.52,NA
2011-08-12,118.15,105.6,NA
2011-08-15,120.55,104.5,NA
2011-08-16,119.56,106.23,NA
2011-08-17,119.67,108.09,0.1
2011-08-18,114.61,110.31,NA
2011-08-19,112.68,111.24,NA
2011-08-22,112.73,110.92,NA
2011-08-23,116.46,109.39,NA
2011-08-24,118.13,106.28,0.09
2011-08-25,116.31,107.45,NA
2011-08-26,118.04,108.49,NA
2011-08-29,121.38,106.99,NA
2011-08-30,121.62,108.72,NA
2011-08-31,122.06,107.03,0.09
2011-09-01,120.96,108.97,NA
2011-09-02,117.84,112.51,NA
2011-09-06,116.99,113.68,NA
2011-09-07,120.27,111.51,0.08
2011-09-08,119.02,112.48,NA
2011-09-09,115.86,113.76,NA
2011-09-12,116.66,113.83,NA
2011-09-13,117.58,112.21,NA
2011-09-14,119.36,113.18,0.09
2011-09-15,121.47,111.49,NA
2011-09-16,121.58,112.24,NA
2011-09-19,120.31,114.38,NA
2011-09-20,120.17,114.87,NA
2011-09-21,116.51,118.66,0.09
2011-09-22,112.8,123.13,NA
2011-09-23,113.54,120.83,NA
2011-09-26,116.25,118.84,NA
2011-09-27,117.6,117.07,NA
2011-09-28,115.16,117.01,0.08
2011-09-29,116.02,117.84,NA
2011-09-30,113.17,120.8,NA
2011-10-03,109.93,123.81,NA
2011-10-04,112.13,122.24,NA
2011-10-05,114.5,121.36,0.07
2011-10-06,116.51,119.12,NA
2011-10-07,115.75,118.24,NA
2011-10-10,119.59,116.57,NA
2011-10-11,119.68,116.18,NA
2011-10-12,120.67,114.49,0.07
2011-10-13,120.47,115.63,NA
2011-10-14,122.56,113.94,NA
2011-10-17,120.24,115.92,NA
2011-10-18,122.61,115.19,NA
2011-10-19,121.14,115.15,0.07
2011-10-20,121.69,114.34,NA
2011-10-21,123.91,113.13,NA
2011-10-24,125.49,113.32,NA
2011-10-25,123.08,116.2,NA
2011-10-26,124.33,114.16,0.07
2011-10-27,127.43,112.51,NA
2011-10-28,128.68,111.46,NA
2011-10-31,125.45,115.88,NA
2011-11-01,122.08,119.49,NA
2011-11-02,123.99,117.96,0.08
2011-11-03,126.24,116.34,NA
2011-11-04,125.45,116.48,NA
2011-11-07,126.28,117.22,NA
2011-11-08,127.86,115.72,NA
2011-11-09,123.19,118.14,0.08
2011-11-10,124.32,116.36,NA
2011-11-11,126.62,115.65,NA
2011-11-14,125.46,117.51,NA
2011-11-15,126.12,117.35,NA
2011-11-16,124.05,118.42,0.08
2011-11-17,122.18,119.37,NA
2011-11-18,121.99,119.36,NA
2011-11-21,119.62,120.05,NA
2011-11-22,119.19,121.37,NA
2011-11-23,116.56,122.58,0.08
2011-11-25,116.2,120.79,NA
2011-11-28,119.7,120.74,NA
2011-11-29,120.08,119.76,NA
2011-11-30,125.11,117.88,0.08
2011-12-01,124.98,117,NA
2011-12-02,124.86,118.67,NA
2011-12-05,126.21,118.4,NA
2011-12-06,126.26,117.27,NA
2011-12-07,126.75,117.69,0.08
2011-12-08,123.98,119.16,NA
2011-12-09,126.03,116.73,NA
2011-12-12,124.24,118.01,NA
2011-12-13,123.11,119.14,NA
2011-12-14,121.71,121.39,0.07
2011-12-15,122.15,120.91,NA
2011-12-16,121.57,122.34,NA
2011-12-19,120.32,123.87,NA
2011-12-20,123.88,120.74,NA
2011-12-21,124.17,119.1,0.07
2011-12-22,125.33,119.6,NA
2011-12-23,126.39,118.27,NA
2011-12-27,126.49,118.45,NA
2011-12-28,124.92,120.64,0.08
2011-12-29,126.1,120.86,NA
2011-12-30,125.5,121.25,NA
2012-01-03,127.49,119.43,NA
2012-01-04,127.63,118.01,0.05
2012-01-05,128.1,117.8,NA
2012-01-06,127.82,118.73,NA
2012-01-09,127.99,118.52,NA
2012-01-10,129.13,118.32,NA
2012-01-11,129.25,119.85,0.07
2012-01-12,129.51,119.69,NA
2012-01-13,129.01,120.88,NA
2012-01-17,129.31,121.44,NA
2012-01-18,130.8,119.92,0.09
2012-01-19,131.48,118.32,NA
2012-01-20,131.95,116.98,NA
2012-01-23,131.58,116.24,NA
2012-01-24,131.46,116.45,NA
2012-01-25,132.57,116.19,0.09
2012-01-26,131.9,117.71,NA
2012-01-27,131.73,118.1,NA
2012-01-30,131.38,119.5,NA
2012-01-31,131.21,120.85,NA
2012-02-01,132.47,119.13,0.09
2012-02-03,134.57,116.57,NA
2012-02-06,134.46,117.73,NA
2012-02-07,134.79,116.27,NA
2012-02-08,135.19,116.36,0.11
2012-02-09,135.34,115.49,NA
2012-02-10,134.43,116.99,NA
2012-02-13,135.36,117.14,NA
2012-02-14,135.19,117.76,NA
2012-02-15,134.54,117.55,0.12
2012-02-16,136.04,116.61,NA
2012-02-17,136.41,116.58,NA
2012-02-21,136.46,115.29,NA
2012-02-22,136.02,116.76,0.09
2012-02-23,136.61,116.75,NA
2012-02-24,136.93,117.5,NA
2012-02-27,137.16,118.54,NA
2012-02-28,137.56,118.15,NA
2012-02-29,136.87,117.43,0.09
2012-03-01,137.77,116.06,NA
2012-03-02,137.32,117.14,NA
2012-03-05,136.75,116.22,NA
2012-03-06,134.67,117.63,NA
2012-03-07,135.69,116.91,0.11
2012-03-08,137.02,115.74,NA
2012-03-09,137.57,115.97,NA
2012-03-12,137.58,115.95,NA
2012-03-13,140.06,113.9,NA
2012-03-14,139.91,111.04,0.12
2012-03-15,140.72,111.21,NA
2012-03-16,140.27,111.43,NA
2012-03-19,140.88,110.1,NA
2012-03-20,140.41,110.54,NA
2012-03-21,140.16,111.8,0.15
2012-03-22,139.16,112.15,NA
2012-03-23,139.69,113.18,NA
2012-03-26,141.61,112.63,NA
2012-03-27,141.13,113.44,NA
2012-03-28,140.43,113.28,0.14
2012-03-29,140.22,114.14,NA
2012-03-30,140.72,112.2,NA
2012-04-02,141.79,112.54,NA
2012-04-03,141.26,110.58,NA
2012-04-04,139.84,112.11,0.12
2012-04-05,139.78,112.91,NA
2012-04-09,138.23,115.59,NA
2012-04-10,135.84,116.86,NA
2012-04-11,136.9,115.47,0.14
2012-04-12,138.85,115.01,NA
2012-04-13,137.13,116.84,NA
2012-04-16,136.93,116.67,NA
2012-04-17,139.09,116.6,NA
2012-04-18,138.59,116.94,0.15
2012-04-19,137.75,117.05,NA
2012-04-20,137.95,117.07,NA
2012-04-23,136.79,117.92,NA
2012-04-24,137.31,117.09,NA
2012-04-25,139.24,116.49,0.13
2012-04-26,140.17,117.2,NA
2012-04-27,140.42,117.29,NA
2012-04-30,139.77,117.32,NA
2012-05-01,140.74,116.43,NA
2012-05-02,140.28,117.27,0.14
2012-05-03,139.25,117.22,NA
2012-05-04,136.96,118.14,NA
2012-05-07,137.1,118.16,NA
2012-05-08,136.5,118.79,NA
2012-05-09,135.74,118.87,0.16
2012-05-10,135.95,118.52,NA
2012-05-11,135.56,119.5,NA
2012-05-14,134.13,121.17,NA
2012-05-15,133.35,121.66,NA
2012-05-16,132.88,122.01,0.15
2012-05-17,130.87,124.17,NA
2012-05-18,129.74,124.2,NA
2012-05-21,132.02,123.94,NA
2012-05-22,132.2,122.56,NA
2012-05-23,132.27,123.41,0.16
2012-05-24,132.53,122.94,NA
2012-05-25,132.1,123.4,NA
2012-05-29,133.7,123.02,NA
2012-05-30,131.73,126.14,0.15
2012-05-31,131.49,127.6,NA
2012-06-01,128.16,130.36,NA
2012-06-04,128.1,129.33,NA
2012-06-05,129.03,127.6,NA
2012-06-06,132.02,125.05,0.16
2012-06-07,132.05,125.24,NA
2012-06-08,133.12,125.21,NA
2012-06-11,131.45,125.78,NA
2012-06-12,133.01,124.63,NA
2012-06-13,132.1,125.88,0.17
2012-06-14,133.57,125.69,NA
2012-06-15,133.57,126.4,NA
2012-06-18,134.43,127.08,NA
2012-06-19,135.69,125.42,NA
2012-06-20,135.44,126.04,0.17
2012-06-21,132.44,126.67,NA
2012-06-22,133.42,125.02,NA
2012-06-25,131.26,126.84,NA
2012-06-26,132,126.34,NA
2012-06-27,133.17,126.54,0.17
2012-06-28,132.79,126.85,NA
2012-06-29,136.27,125.2,NA
2012-07-02,136.46,126.22,NA
2012-07-03,137.47,125.25,NA
2012-07-05,136.84,125.91,NA
2012-07-06,135.59,127.06,NA
2012-07-09,135.32,128.18,NA
2012-07-10,134.14,128.44,NA
2012-07-11,134.16,128.6,0.17
2012-07-12,133.51,129.51,NA
2012-07-13,135.75,129.17,NA
2012-07-16,135.39,129.77,NA
2012-07-17,136.36,128.75,NA
2012-07-18,137.41,128.82,0.18
2012-07-19,137.74,128.49,NA
2012-07-20,136.47,130.04,NA
2012-07-23,135.09,130.79,NA
2012-07-24,134.03,131.81,NA
2012-07-25,133.95,132.16,0.14
2012-07-26,136.17,130.9,NA
2012-07-27,138.8,128.48,NA
2012-07-30,138.68,129.44,NA
2012-07-31,137.71,129.7,NA
2012-08-01,137.59,128.78,0.14
2012-08-02,136.64,129.51,NA
2012-08-03,139.39,127.39,NA
2012-08-06,139.62,127.47,NA
2012-08-07,140.32,125.83,NA
2012-08-08,140.49,125.16,0.14
2012-08-09,140.63,125.07,NA
2012-08-10,140.84,125.7,NA
2012-08-13,140.77,125.49,NA
2012-08-14,140.79,123.79,NA
2012-08-15,140.95,122.05,0.13
2012-08-16,142.01,121.01,NA
2012-08-17,142.22,121.63,NA
2012-08-20,142.22,121.85,NA
2012-08-21,141.76,122.39,NA
2012-08-22,141.82,124.41,0.13
2012-08-23,140.68,124.93,NA
2012-08-24,141.52,124.81,NA
2012-08-27,141.54,125.54,NA
2012-08-28,141.4,125.84,NA
2012-08-29,141.51,125.29,0.13
2012-08-30,140.49,125.94,NA
2012-08-31,141.24,127.72,NA
2012-09-04,140.87,127.32,NA
2012-09-05,140.94,126.72,0.14
2012-09-06,143.78,124.59,NA
2012-09-07,144.39,124.03,NA
2012-09-10,143.51,124.33,NA
2012-09-11,143.89,123.55,NA
2012-09-12,144.39,122.01,0.15
2012-09-13,146.7,121.53,NA
2012-09-14,147.24,118.3,NA
2012-09-17,146.74,119.72,NA
2012-09-18,146.62,120.32,NA
2012-09-19,146.74,121.11,0.16
2012-09-20,146.75,121.41,NA
2012-09-21,145.89,121.55,NA
2012-09-24,145.59,122.5,NA
2012-09-25,144.19,123.72,NA
2012-09-26,143.29,125.04,0.15
2012-09-27,144.72,124.15,NA
2012-09-28,143.93,124.23,NA
2012-10-01,144.24,124.41,NA
2012-10-02,144.5,124.25,NA
2012-10-03,145.07,124.29,0.13
2012-10-04,146.27,122.73,NA
2012-10-05,146.13,121.15,NA
2012-10-08,145.66,122.17,NA
2012-10-09,144.25,121.95,NA
2012-10-10,143.28,122.81,0.15
2012-10-11,143.36,123.66,NA
2012-10-12,142.84,123.97,NA
2012-10-15,144.01,123.68,NA
2012-10-16,145.58,121.98,NA
2012-10-17,146.16,120.79,0.16
2012-10-18,145.86,120.07,NA
2012-10-19,143.3,121.71,NA
2012-10-22,143.41,120.96,NA
2012-10-23,141.35,122.69,NA
2012-10-24,141.05,121.48,0.16
2012-10-25,141.43,120.86,NA
2012-10-26,141.35,122.64,NA
2012-10-31,141.18,123.36,0.17
2012-11-01,142.91,122.35,NA
2012-11-02,141.56,122.27,NA
2012-11-05,141.9,122.95,NA
2012-11-06,142.93,121.79,NA
2012-11-07,139.78,124.02,0.16
2012-11-08,137.95,125.83,NA
2012-11-09,138.16,125.98,NA
2012-11-12,138.24,126.19,NA
2012-11-13,137.8,126.61,NA
2012-11-14,135.98,126.73,0.16
2012-11-15,135.7,126.5,NA
2012-11-16,136.35,126.36,NA
2012-11-19,139.15,125.66,NA
2012-11-20,139.28,124.41,NA
2012-11-21,139.45,124.33,0.16
2012-11-23,141.35,124.21,NA
2012-11-26,141.05,124.8,NA
2012-11-27,140.33,125.29,NA
2012-11-28,141.46,125.11,0.16
2012-11-29,142.12,125.13,NA
2012-11-30,142.16,124.79,NA
2012-12-03,141.45,124.66,NA
2012-12-04,141.25,125.38,NA
2012-12-05,141.5,125.32,0.16
2012-12-06,141.98,125.59,NA
2012-12-07,142.42,124.43,NA
2012-12-10,142.47,124.98,NA
2012-12-11,143.44,124.03,NA
2012-12-12,143.51,122.59,0.16
2012-12-13,142.63,122.68,NA
2012-12-14,142.11,123.6,NA
2012-12-17,143.77,121.75,NA
2012-12-18,145.37,120.51,NA
2012-12-19,144.29,120.91,0.17
2012-12-20,145.12,120.93,NA
2012-12-21,142.79,122.25,NA
2012-12-24,142.35,122.03,NA
2012-12-26,141.75,122.2,0.17
2012-12-27,141.56,122.61,NA
2012-12-28,140.03,123.31,NA
2012-12-31,142.41,121.18,NA
2013-01-02,146.06,119.56,0.15
2013-01-03,145.73,117.94,NA
2013-01-04,146.37,118.4,NA
2013-01-07,145.97,118.45,NA
2013-01-08,145.55,119.23,NA
2013-01-09,145.92,119.12,0.16
2013-01-10,147.08,118.79,NA
2013-01-11,147.07,119.85,NA
2013-01-14,146.97,119.52,NA
2013-01-15,147.07,120.07,NA
2013-01-16,147.05,120.32,0.14
2013-01-17,148,119.12,NA
2013-01-18,148.33,120.04,NA
2013-01-22,149.13,120.27,NA
2013-01-23,149.37,120.09,0.14
2013-01-24,149.41,119.67,NA
2013-01-25,150.25,118.03,NA
2013-01-28,150.07,117.6,NA
2013-01-29,150.66,116.95,NA
2013-01-30,150.07,116.75,0.14
2013-01-31,149.7,117.32,NA
2013-02-01,151.24,115.54,NA
2013-02-04,149.54,117.02,NA
2013-02-05,151.05,115.98,NA
2013-02-06,151.16,116.93,0.14
2013-02-07,150.96,116.67,NA
2013-02-08,151.8,117.12,NA
2013-02-11,151.77,117.03,NA
2013-02-12,152.02,116.74,NA
2013-02-13,152.15,115.79,0.14
2013-02-14,152.29,116.84,NA
2013-02-15,152.11,116.5,NA
2013-02-19,153.25,115.92,NA
2013-02-20,151.34,116.27,0.15
2013-02-21,150.42,116.95,NA
2013-02-22,151.89,117.03,NA
2013-02-25,149,119.33,NA
2013-02-26,150.02,118.64,NA
2013-02-27,151.91,118.29,0.15
2013-02-28,151.61,118.51,NA
2013-03-01,152.11,118.9,NA
2013-03-04,152.92,118.27,NA
2013-03-05,154.29,117.93,NA
2013-03-06,154.5,116.86,0.15
2013-03-07,154.78,115.96,NA
2013-03-08,155.44,114.75,NA
2013-03-11,156.03,114.86,NA
2013-03-12,155.68,115.69,NA
2013-03-13,155.9,115.57,0.15
2013-03-14,156.73,115.22,NA
2013-03-15,155.83,115.76,NA
2013-03-18,154.97,116.64,NA
2013-03-19,154.61,117.43,NA
2013-03-20,155.69,116.12,0.16
2013-03-21,154.36,117.24,NA
2013-03-22,155.6,117.33,NA
2013-03-25,154.95,117.22,NA
2013-03-26,156.19,117.36,NA
2013-03-27,156.19,118.36,0.15
2013-03-28,156.67,117.76,NA
2013-04-01,156.05,118.39,NA
2013-04-02,156.82,117.91,NA
2013-04-03,155.23,118.97,0.12
2013-04-04,155.86,120.39,NA
2013-04-05,155.16,122.82,NA
2013-04-08,156.21,121.88,NA
2013-04-09,156.75,121.58,NA
2013-04-10,158.67,119.91,0.15
2013-04-11,159.19,120.14,NA
2013-04-12,158.8,121.93,NA
2013-04-15,155.12,122.99,NA
2013-04-16,157.41,121.98,NA
2013-04-17,155.11,122.79,0.15
2013-04-18,154.14,123.09,NA
2013-04-19,155.48,122.83,NA
2013-04-22,156.17,122.92,NA
2013-04-23,157.78,122.49,NA
2013-04-24,157.88,122.8,0.15
2013-04-25,158.52,122.27,NA
2013-04-26,158.24,123.39,NA
2013-04-29,159.3,122.94,NA
2013-04-30,159.68,123.01,NA
2013-05-01,158.28,124.01,0.13
2013-05-02,159.75,123.85,NA
2013-05-03,161.37,120.93,NA
2013-05-06,161.78,120.63,NA
2013-05-07,162.6,120.16,NA
2013-05-08,163.34,120.35,0.14
2013-05-09,162.88,120.04,NA
2013-05-10,163.41,118.75,NA
2013-05-13,163.54,117.84,NA
2013-05-14,165.23,116.56,NA
2013-05-15,166.12,117.34,0.12
2013-05-16,165.34,118.56,NA
2013-05-17,166.94,117.06,NA
2013-05-20,166.93,116.92,NA
2013-05-21,167.17,117.84,NA
2013-05-22,165.93,116.09,0.1
2013-05-23,165.45,116.64,NA
2013-05-24,165.31,116.8,NA
2013-05-28,166.3,113.84,NA
2013-05-29,165.22,115.12,0.09
2013-05-30,165.83,114.84,NA
2013-05-31,163.44,114.45,NA
2013-06-03,164.35,114.78,NA
2013-06-04,163.56,113.72,NA
2013-06-05,161.27,115.29,0.09
2013-06-06,162.73,115.22,NA
2013-06-07,164.8,113.16,NA
2013-06-10,164.8,112.62,NA
2013-06-11,163.1,113.96,NA
2013-06-12,161.75,112.33,0.09
2013-06-13,164.21,114.09,NA
2013-06-14,163.18,113.82,NA
2013-06-17,164.44,113.22,NA
2013-06-18,165.74,113.28,NA
2013-06-19,163.45,112.11,0.1
2013-06-20,159.4,110.27,NA
2013-06-21,159.07,108.4,NA
2013-06-24,157.06,108.85,NA
2013-06-25,158.58,107.88,NA
2013-06-26,160.14,108.58,0.1
2013-06-27,161.08,109.69,NA
2013-06-28,160.42,110.44,NA
2013-07-01,161.36,110.41,NA
2013-07-02,161.21,110.34,NA
2013-07-03,161.28,110.01,0.09
2013-07-05,163.02,106.26,NA
2013-07-08,163.94,107.29,NA
2013-07-09,165.13,107.4,NA
2013-07-10,165.19,106.56,0.1
2013-07-11,167.44,107.81,NA
2013-07-12,167.51,107.72,NA
2013-07-15,168.16,108.29,NA
2013-07-16,167.52,108.66,NA
2013-07-17,167.95,108.86,0.09
2013-07-18,168.87,107.5,NA
2013-07-19,169.17,109.2,NA
2013-07-22,169.5,109.36,NA
2013-07-23,169.14,108.9,NA
2013-07-24,168.52,107.52,0.09
2013-07-25,168.93,107.48,NA
2013-07-26,169.11,108.14,NA
2013-07-29,168.59,107.35,NA
2013-07-30,168.59,107.31,NA
2013-07-31,168.71,107.7,0.09
2013-08-01,170.66,105.36,NA
2013-08-02,170.95,106.52,NA
2013-08-05,170.7,105.7,NA
2013-08-06,169.73,106.01,NA
2013-08-07,169.18,106.8,0.09
2013-08-08,169.8,107.09,NA
2013-08-09,169.31,107.26,NA
2013-08-12,169.11,106.53,NA
2013-08-13,169.61,104.99,NA
2013-08-14,168.74,105.15,0.08
2013-08-15,166.38,103.73,NA
2013-08-16,165.83,103.37,NA
2013-08-19,164.77,102.47,NA
2013-08-20,165.58,103.26,NA
2013-08-21,164.56,102.13,0.09
2013-08-22,166.06,103.17,NA
2013-08-23,166.62,104.29,NA
2013-08-26,166,104.81,NA
2013-08-27,163.33,106.13,NA
2013-08-28,163.91,105.27,0.08
2013-08-29,164.17,106.11,NA
2013-08-30,163.65,105.99,NA
2013-09-03,164.39,104.22,NA
2013-09-04,165.75,103.99,0.08
2013-09-05,165.96,102.54,NA
2013-09-06,166.04,103.05,NA
2013-09-09,167.63,103.1,NA
2013-09-10,168.87,102.38,NA
2013-09-11,169.4,103.29,0.08
2013-09-12,168.95,103.15,NA
2013-09-13,169.33,103.55,NA
2013-09-16,170.31,102.86,NA
2013-09-17,171.07,103.71,NA
2013-09-18,173.05,104.99,0.08
2013-09-19,172.76,104.37,NA
2013-09-20,170.72,104.92,NA
2013-09-23,169.93,105.69,NA
2013-09-24,169.53,106.83,NA
2013-09-25,169.04,107.05,0.08
2013-09-26,169.69,106.3,NA
2013-09-27,168.91,106.56,NA
2013-09-30,168.01,106.4,NA
2013-10-01,169.34,105.8,NA
2013-10-02,169.18,105.96,0.08
2013-10-03,167.62,105.79,NA
2013-10-04,168.89,105.71,NA
2013-10-07,167.43,106.14,NA
2013-10-08,165.48,106.17,NA
2013-10-09,165.6,105.32,0.08
2013-10-10,169.17,105.49,NA
2013-10-11,170.26,105.46,NA
2013-10-14,170.94,104.61,NA
2013-10-15,169.7,104.54,NA
2013-10-16,172.07,105.85,0.1
2013-10-17,173.22,106.81,NA
2013-10-18,174.39,107.04,NA
2013-10-21,174.4,106.7,NA
2013-10-22,175.41,107.89,NA
2013-10-23,174.57,108.31,0.09
2013-10-24,175.15,107.89,NA
2013-10-25,175.95,108.29,NA
2013-10-28,176.23,107.92,NA
2013-10-29,177.17,108.06,NA
2013-10-30,176.29,107.41,0.08
2013-10-31,175.79,107.64,NA
2013-11-01,176.21,106.19,NA
2013-11-04,176.83,106.29,NA
2013-11-05,176.27,105.02,NA
2013-11-06,177.17,105.07,0.08
2013-11-07,174.93,105.96,NA
2013-11-08,177.29,103.41,NA
2013-11-11,177.32,103.02,NA
2013-11-12,176.96,103.5,NA
2013-11-13,178.38,103.88,0.08
2013-11-14,179.27,104.52,NA
2013-11-15,180.05,104.73,NA
2013-11-18,179.42,105.36,NA
2013-11-19,179.03,104.56,NA
2013-11-20,178.47,102.78,0.09
2013-11-21,179.91,102.95,NA
2013-11-22,180.81,103.91,NA
2013-11-25,180.63,104.21,NA
2013-11-26,180.68,104.6,NA
2013-11-27,181.12,104.42,0.09
2013-11-29,181,104.45,NA
2013-12-02,180.53,103.33,NA
2013-12-03,179.75,103.71,NA
2013-12-04,179.73,102.72,0.08
2013-12-05,178.94,102.43,NA
2013-12-06,180.94,102.92,NA
2013-12-09,181.4,103.16,NA
2013-12-10,180.75,103.9,NA
2013-12-11,178.72,103.1,0.09
2013-12-12,178.13,102.71,NA
2013-12-13,178.11,103.21,NA
2013-12-16,179.22,102.83,NA
2013-12-17,178.65,103.29,NA
2013-12-18,181.7,102.77,0.09
2013-12-19,181.49,102.67,NA
2013-12-20,181.56,104.25,NA
2013-12-23,182.53,103.66,NA
2013-12-24,182.93,102.83,NA
2013-12-26,183.86,102.1,NA
2013-12-27,183.84,101.81,NA
2013-12-30,183.82,102.51,NA
2013-12-31,184.69,101.86,NA
2014-01-02,182.92,102.17,NA
2014-01-03,182.88,102.17,NA
2014-01-06,182.36,102.6,NA
2014-01-07,183.48,102.86,NA
2014-01-08,183.52,102.58,0.08
2014-01-09,183.64,103.18,NA
2014-01-10,184.14,104.41,NA
2014-01-13,181.68,104.93,NA
2014-01-14,183.67,104.45,NA
2014-01-15,184.66,104.34,0.07
2014-01-16,184.42,105.04,NA
2014-01-17,183.64,105.48,NA
2014-01-21,184.18,105.56,NA
2014-01-22,184.3,105.3,0.07
2014-01-23,182.79,106.79,NA
2014-01-24,178.89,107.48,NA
2014-01-27,178.01,106.73,NA
2014-01-28,179.07,106.99,NA
2014-01-29,177.35,107.87,0.07
2014-01-30,179.23,107.56,NA
2014-01-31,178.18,108.28,NA
2014-02-03,174.17,109.32,NA
2014-02-04,175.38,108.16,NA
2014-02-05,175.17,107.16,0.07
2014-02-06,177.48,106.7,NA
2014-02-07,179.68,106.79,NA
2014-02-10,180.01,107.09,NA
2014-02-11,181.98,106.47,NA
2014-02-12,182.07,105.92,0.06
2014-02-13,183.01,106.52,NA
2014-02-14,184.02,106.58,NA
2014-02-18,184.24,106.82,NA
2014-02-19,183.02,106.37,0.06
2014-02-20,184.1,106.11,NA
2014-02-21,183.89,106.67,NA
2014-02-24,184.91,106.4,NA
2014-02-25,184.84,107.35,NA
2014-02-26,184.85,107.92,0.07
2014-02-27,185.82,108.51,NA
2014-02-28,186.29,108.57,NA
2014-03-03,184.98,109.03,NA
2014-03-04,187.58,107.39,NA
2014-03-05,187.75,107.62,0.07
2014-03-06,188.18,106.56,NA
2014-03-07,188.26,105.89,NA
2014-03-10,188.16,106.04,NA
2014-03-11,187.23,106.32,NA
2014-03-12,187.28,107.06,0.08
2014-03-13,185.18,108.5,NA
2014-03-14,184.66,108.52,NA
2014-03-17,186.33,107.71,NA
2014-03-18,187.66,108.1,NA
2014-03-19,186.66,107.26,0.08
2014-03-20,187.75,107.07,NA
2014-03-21,186.2,108.23,NA
2014-03-24,185.43,109,NA
2014-03-25,186.31,108.59,NA
2014-03-26,184.97,109.44,0.08
2014-03-27,184.58,109.99,NA
2014-03-28,185.49,109.37,NA
2014-03-31,187.01,109.1,NA
2014-04-01,188.25,107.89,NA
2014-04-02,188.88,107.27,0.08
2014-04-03,188.63,107.74,NA
2014-04-04,186.4,108.46,NA
2014-04-07,184.34,109.11,NA
2014-04-08,185.1,109.37,NA
2014-04-09,187.09,108.83,0.08
2014-04-10,183.16,109.84,NA
2014-04-11,181.51,110.73,NA
2014-04-14,182.94,110.44,NA
2014-04-15,184.2,111.13,NA
2014-04-16,186.12,111.27,0.09
2014-04-17,186.39,110.05,NA
2014-04-21,187.04,109.96,NA
2014-04-22,187.89,110.33,NA
2014-04-23,187.45,110.96,0.1
2014-04-24,187.83,111.17,NA
2014-04-25,186.29,111.33,NA
2014-04-28,186.88,110.79,NA
2014-04-29,187.75,110.64,NA
2014-04-30,188.31,111.1,0.09
2014-05-01,188.32,112.02,NA
2014-05-02,188.06,112.71,NA
2014-05-05,188.42,112.03,NA
2014-05-06,186.78,112.48,NA
2014-05-07,187.88,112.08,0.09
2014-05-08,187.68,111.6,NA
2014-05-09,187.96,111.24,NA
2014-05-12,189.78,110.79,NA
2014-05-13,189.96,111.75,NA
2014-05-14,189.06,112.96,0.08
2014-05-15,187.4,113.86,NA
2014-05-16,188.05,113.54,NA
2014-05-19,188.74,112.7,NA
2014-05-20,187.55,112.95,NA
2014-05-21,189.13,112.26,0.09
2014-05-22,189.59,112.1,NA
2014-05-23,190.35,112.7,NA
2014-05-27,191.52,113.36,NA
2014-05-28,191.38,114.76,0.09
2014-05-29,192.37,114.15,NA
2014-05-30,192.68,114.1,NA
2014-06-02,192.9,112.96,NA
2014-06-03,192.8,111.57,NA
2014-06-04,193.19,111.54,0.09
2014-06-05,194.45,111.59,NA
2014-06-06,195.38,111.59,NA
2014-06-09,195.58,111.43,NA
2014-06-10,195.6,111.02,NA
2014-06-11,194.92,111.22,0.09
2014-06-12,193.54,112.21,NA
2014-06-13,194.13,112.15,NA
2014-06-16,194.29,112.43,NA
2014-06-17,194.83,111.54,NA
2014-06-18,196.26,112.4,0.1
2014-06-19,196.48,110.96,NA
2014-06-20,195.94,111.8,NA
2014-06-23,195.88,111.45,NA
2014-06-24,194.7,112.58,NA
2014-06-25,195.58,112.87,0.1
2014-06-26,195.44,113.41,NA
2014-06-27,195.82,113.24,NA
2014-06-30,195.72,113.52,NA
2014-07-01,197.03,112.28,NA
2014-07-02,197.23,111.08,0.1
2014-07-03,198.2,110.68,NA
2014-07-07,197.51,111.49,NA
2014-07-08,196.24,112.74,NA
2014-07-09,197.12,112.83,0.09
2014-07-10,196.34,112.86,NA
2014-07-11,196.61,113.58,NA
2014-07-14,197.6,113.09,NA
2014-07-15,197.23,112.86,NA
2014-07-16,197.96,113.46,0.09
2014-07-17,195.71,114.89,NA
2014-07-18,197.71,114.52,NA
2014-07-21,197.34,115.09,NA
2014-07-22,198.2,115.33,NA
2014-07-23,198.64,115.18,0.09
2014-07-24,198.65,114.32,NA
2014-07-25,197.72,115.67,NA
2014-07-28,197.8,115.51,NA
2014-07-29,196.95,115.93,NA
2014-07-30,196.98,114.32,0.09
2014-07-31,193.09,113.98,NA
2014-08-01,192.5,114.56,NA
2014-08-04,193.89,114.26,NA
2014-08-05,192.01,114.63,NA
2014-08-06,192.07,114.7,0.09
2014-08-07,191.03,115.77,NA
2014-08-08,193.24,115.52,NA
2014-08-11,193.8,115.51,NA
2014-08-12,193.53,114.76,NA
2014-08-13,194.84,115.51,0.09
2014-08-14,195.76,116.44,NA
2014-08-15,195.72,117.71,NA
2014-08-18,197.36,116.54,NA
2014-08-19,198.39,116.18,NA
2014-08-20,198.92,115.99,0.09
2014-08-21,199.5,116.64,NA
2014-08-22,199.19,117.29,NA
2014-08-25,200.2,117.73,NA
2014-08-26,200.33,117.35,NA
2014-08-27,200.25,118.35,0.09
2014-08-28,200.14,118.97,NA
2014-08-29,200.71,119.05,NA
2014-09-02,200.61,116.73,NA
2014-09-03,200.5,117.38,0.08
2014-09-04,200.21,115.95,NA
2014-09-05,201.11,115.73,NA
2014-09-08,200.59,115.78,NA
2014-09-09,199.32,115.69,NA
2014-09-10,200.07,114.96,0.09
2014-09-11,200.3,114.58,NA
2014-09-12,199.13,113.38,NA
2014-09-15,198.98,113.55,NA
2014-09-16,200.48,113.09,NA
2014-09-17,200.75,112.8,0.09
2014-09-18,201.82,113.16,NA
2014-09-19,200.7,114.6,NA
2014-09-22,199.15,114.74,NA
2014-09-23,198.01,115.45,NA
2014-09-24,199.56,114.81,0.09
2014-09-25,196.34,116.17,NA
2014-09-26,197.9,116,NA
2014-09-29,197.54,116.93,NA
2014-09-30,197.02,116.27,NA
2014-10-01,194.35,118.23,0.09
2014-10-02,194.38,117.2,NA
2014-10-03,196.52,117.7,NA
2014-10-06,196.29,117.77,NA
2014-10-07,193.26,119.36,NA
2014-10-08,196.64,119.39,0.09
2014-10-09,192.74,118.87,NA
2014-10-10,190.54,120.05,NA
2014-10-13,187.41,120.78,NA
2014-10-14,187.7,121.57,NA
2014-10-15,186.43,122.53,0.09
2014-10-16,186.27,121.75,NA
2014-10-17,188.47,121.07,NA
2014-10-20,190.3,121.51,NA
2014-10-21,194.07,120.54,NA
2014-10-22,192.69,120.67,0.09
2014-10-23,194.93,119.6,NA
2014-10-24,196.43,119.72,NA
2014-10-27,196.16,119.94,NA
2014-10-28,198.41,119.19,NA
2014-10-29,198.11,119.46,0.09
2014-10-30,199.38,119.56,NA
2014-10-31,201.66,119.25,NA
2014-11-03,201.77,118.96,NA
2014-11-04,201.07,119.33,NA
2014-11-05,202.34,119.16,NA
2014-11-06,203.15,118.39,NA
2014-11-07,203.34,119.75,NA
